# Ruta Query,# Sujetos Query,# Ruta Dataset,# Sujetos Dataset,# Valor Distancia Euclidiana
4.Resultados_ext_caracteristicas/Eigen_Perros_QUERY/K_1/85_Sarabi_MastinTibetano/85_Sarabi_MastinTibetano_3.jpeg,85_Sarabi_MastinTibetano,4.Resultados_ext_caracteristicas/Eigen_Perros/K_2/13_Dakota_Husky/13_Dakota_Husky_3.png,13_Dakota_Husky,3887.8141673696286
4.Resultados_ext_caracteristicas/Eigen_Perros_QUERY/K_1/85_Sarabi_MastinTibetano/85_Sarabi_MastinTibetano_3.jpeg,85_Sarabi_MastinTibetano,4.Resultados_ext_caracteristicas/Eigen_Perros/K_2/13_Dakota_Husky/13_Dakota_Husky_2.png,13_Dakota_Husky,3141.162046122422
4.Resultados_ext_caracteristicas/Eigen_Perros_QUERY/K_1/85_Sarabi_MastinTibetano/85_Sarabi_MastinTibetano_3.jpeg,85_Sarabi_MastinTibetano,4.Resultados_ext_caracteristicas/Eigen_Perros/K_2/13_Dakota_Husky/13_Dakota_Husky_1.png,13_Dakota_Husky,3149.022705538974
4.Resultados_ext_caracteristicas/Eigen_Perros_QUERY/K_1/85_Sarabi_MastinTibetano/85_Sarabi_MastinTibetano_3.jpeg,85_Sarabi_MastinTibetano,4.Resultados_ext_caracteristicas/Eigen_Perros/K_2/13_Dakota_Husky/13_Dakota_Husky_6.png,13_Dakota_Husky,3120.9279068892315
4.Resultados_ext_caracteristicas/Eigen_Perros_QUERY/K_1/85_Sarabi_MastinTibetano/85_Sarabi_MastinTibetano_3.jpeg,85_Sarabi_MastinTibetano,4.Resultados_ext_caracteristicas/Eigen_Perros/K_2/13_Dakota_Husky/13_Dakota_Husky_4.png,13_Dakota_Husky,2884.708304144459
4.Resultados_ext_caracteristicas/Eigen_Perros_QUERY/K_1/85_Sarabi_MastinTibetano/85_Sarabi_MastinTibetano_3.jpeg,85_Sarabi_MastinTibetano,4.Resultados_ext_caracteristicas/Eigen_Perros/K_2/13_Dakota_Husky/13_Dakota_Husky_10.png,13_Dakota_Husky,1951.1035339007512
4.Resultados_ext_caracteristicas/Eigen_Perros_QUERY/K_1/85_Sarabi_MastinTibetano/85_Sarabi_MastinTibetano_3.jpeg,85_Sarabi_MastinTibetano,4.Resultados_ext_caracteristicas/Eigen_Perros/K_2/13_Dakota_Husky/13_Dakota_Husky_11.png,13_Dakota_Husky,2162.6957714852083
4.Resultados_ext_caracteristicas/Eigen_Perros_QUERY/K_1/85_Sarabi_MastinTibetano/85_Sarabi_MastinTibetano_3.jpeg,85_Sarabi_MastinTibetano,4.Resultados_ext_caracteristicas/Eigen_Perros/K_2/13_Dakota_Husky/13_Dakota_Husky_8.png,13_Dakota_Husky,2440.0309424267552
4.Resultados_ext_caracteristicas/Eigen_Perros_QUERY/K_1/85_Sarabi_MastinTibetano/85_Sarabi_MastinTibetano_3.jpeg,85_Sarabi_MastinTibetano,4.Resultados_ext_caracteristicas/Eigen_Perros/K_2/13_Dakota_Husky/13_Dakota_Husky_9.png,13_Dakota_Husky,3199.320240301055
4.Resultados_ext_caracteristicas/Eigen_Perros_QUERY/K_1/85_Sarabi_MastinTibetano/85_Sarabi_MastinTibetano_3.jpeg,85_Sarabi_MastinTibetano,4.Resultados_ext_caracteristicas/Eigen_Perros/K_2/13_Dakota_Husky/13_Dakota_Husky_7.png,13_Dakota_Husky,1954.3405537418498
4.Resultados_ext_caracteristicas/Eigen_Perros_QUERY/K_1/85_Sarabi_MastinTibetano/85_Sarabi_MastinTibetano_3.jpeg,85_Sarabi_MastinTibetano,4.Resultados_ext_caracteristicas/Eigen_Perros/K_2/7_Bailey_Husky/7_Bailey_Husky_3.png,7_Bailey_Husky,3314.271714871911
4.Resultados_ext_caracteristicas/Eigen_Perros_QUERY/K_1/85_Sarabi_MastinTibetano/85_Sarabi_MastinTibetano_3.jpeg,85_Sarabi_MastinTibetano,4.Resultados_ext_caracteristicas/Eigen_Perros/K_2/7_Bailey_Husky/7_Bailey_Husky_5.png,7_Bailey_Husky,5297.287702211387
4.Resultados_ext_caracteristicas/Eigen_Perros_QUERY/K_1/85_Sarabi_MastinTibetano/85_Sarabi_MastinTibetano_3.jpeg,85_Sarabi_MastinTibetano,4.Resultados_ext_caracteristicas/Eigen_Perros/K_2/7_Bailey_Husky/7_Bailey_Husky_2.png,7_Bailey_Husky,3299.1298852879377
4.Resultados_ext_caracteristicas/Eigen_Perros_QUERY/K_1/85_Sarabi_MastinTibetano/85_Sarabi_MastinTibetano_3.jpeg,85_Sarabi_MastinTibetano,4.Resultados_ext_caracteristicas/Eigen_Perros/K_2/7_Bailey_Husky/7_Bailey_Husky_1.png,7_Bailey_Husky,2753.445659532797
4.Resultados_ext_caracteristicas/Eigen_Perros_QUERY/K_1/85_Sarabi_MastinTibetano/85_Sarabi_MastinTibetano_3.jpeg,85_Sarabi_MastinTibetano,4.Resultados_ext_caracteristicas/Eigen_Perros/K_2/3_Bandit_Pug/3_Bandit_Pug_2.png,3_Bandit_Pug,4480.422524717954
4.Resultados_ext_caracteristicas/Eigen_Perros_QUERY/K_1/85_Sarabi_MastinTibetano/85_Sarabi_MastinTibetano_3.jpeg,85_Sarabi_MastinTibetano,4.Resultados_ext_caracteristicas/Eigen_Perros/K_2/3_Bandit_Pug/3_Bandit_Pug_1.png,3_Bandit_Pug,2853.0007010163877
4.Resultados_ext_caracteristicas/Eigen_Perros_QUERY/K_1/85_Sarabi_MastinTibetano/85_Sarabi_MastinTibetano_3.jpeg,85_Sarabi_MastinTibetano,4.Resultados_ext_caracteristicas/Eigen_Perros/K_2/3_Bandit_Pug/3_Bandit_Pug_3.png,3_Bandit_Pug,4344.25137394235
4.Resultados_ext_caracteristicas/Eigen_Perros_QUERY/K_1/85_Sarabi_MastinTibetano/85_Sarabi_MastinTibetano_3.jpeg,85_Sarabi_MastinTibetano,4.Resultados_ext_caracteristicas/Eigen_Perros/K_2/3_Bandit_Pug/3_Bandit_Pug_10.png,3_Bandit_Pug,1748.16274986055
4.Resultados_ext_caracteristicas/Eigen_Perros_QUERY/K_1/85_Sarabi_MastinTibetano/85_Sarabi_MastinTibetano_3.jpeg,85_Sarabi_MastinTibetano,4.Resultados_ext_caracteristicas/Eigen_Perros/K_2/3_Bandit_Pug/3_Bandit_Pug_7.png,3_Bandit_Pug,2530.556065373775
4.Resultados_ext_caracteristicas/Eigen_Perros_QUERY/K_1/85_Sarabi_MastinTibetano/85_Sarabi_MastinTibetano_3.jpeg,85_Sarabi_MastinTibetano,4.Resultados_ext_caracteristicas/Eigen_Perros/K_2/3_Bandit_Pug/3_Bandit_Pug_12.png,3_Bandit_Pug,3342.849532958371
4.Resultados_ext_caracteristicas/Eigen_Perros_QUERY/K_1/85_Sarabi_MastinTibetano/85_Sarabi_MastinTibetano_3.jpeg,85_Sarabi_MastinTibetano,4.Resultados_ext_caracteristicas/Eigen_Perros/K_2/3_Bandit_Pug/3_Bandit_Pug_11.png,3_Bandit_Pug,5316.199864564913
4.Resultados_ext_caracteristicas/Eigen_Perros_QUERY/K_1/85_Sarabi_MastinTibetano/85_Sarabi_MastinTibetano_3.jpeg,85_Sarabi_MastinTibetano,4.Resultados_ext_caracteristicas/Eigen_Perros/K_2/3_Bandit_Pug/3_Bandit_Pug_8.png,3_Bandit_Pug,2925.6848770843385
4.Resultados_ext_caracteristicas/Eigen_Perros_QUERY/K_1/85_Sarabi_MastinTibetano/85_Sarabi_MastinTibetano_3.jpeg,85_Sarabi_MastinTibetano,4.Resultados_ext_caracteristicas/Eigen_Perros/K_2/3_Bandit_Pug/3_Bandit_Pug_6.png,3_Bandit_Pug,2172.028544932133
4.Resultados_ext_caracteristicas/Eigen_Perros_QUERY/K_1/85_Sarabi_MastinTibetano/85_Sarabi_MastinTibetano_3.jpeg,85_Sarabi_MastinTibetano,4.Resultados_ext_caracteristicas/Eigen_Perros/K_2/3_Bandit_Pug/3_Bandit_Pug_9.png,3_Bandit_Pug,4936.557910123206
4.Resultados_ext_caracteristicas/Eigen_Perros_QUERY/K_1/85_Sarabi_MastinTibetano/85_Sarabi_MastinTibetano_3.jpeg,85_Sarabi_MastinTibetano,4.Resultados_ext_caracteristicas/Eigen_Perros/K_2/3_Bandit_Pug/3_Bandit_Pug_5.png,3_Bandit_Pug,3518.8348924040183
4.Resultados_ext_caracteristicas/Eigen_Perros_QUERY/K_1/85_Sarabi_MastinTibetano/85_Sarabi_MastinTibetano_3.jpeg,85_Sarabi_MastinTibetano,4.Resultados_ext_caracteristicas/Eigen_Perros/K_2/4_Apolo_Husky/4_Apolo_Husky_2.png,4_Apolo_Husky,3383.3805579627015
4.Resultados_ext_caracteristicas/Eigen_Perros_QUERY/K_1/85_Sarabi_MastinTibetano/85_Sarabi_MastinTibetano_3.jpeg,85_Sarabi_MastinTibetano,4.Resultados_ext_caracteristicas/Eigen_Perros/K_2/4_Apolo_Husky/4_Apolo_Husky_1.png,4_Apolo_Husky,3590.2048688062355
4.Resultados_ext_caracteristicas/Eigen_Perros_QUERY/K_1/85_Sarabi_MastinTibetano/85_Sarabi_MastinTibetano_3.jpeg,85_Sarabi_MastinTibetano,4.Resultados_ext_caracteristicas/Eigen_Perros/K_2/4_Apolo_Husky/4_Apolo_Husky_6.png,4_Apolo_Husky,3665.0518413796003
4.Resultados_ext_caracteristicas/Eigen_Perros_QUERY/K_1/85_Sarabi_MastinTibetano/85_Sarabi_MastinTibetano_3.jpeg,85_Sarabi_MastinTibetano,4.Resultados_ext_caracteristicas/Eigen_Perros/K_2/4_Apolo_Husky/4_Apolo_Husky_12.png,4_Apolo_Husky,3098.896577816046
4.Resultados_ext_caracteristicas/Eigen_Perros_QUERY/K_1/85_Sarabi_MastinTibetano/85_Sarabi_MastinTibetano_3.jpeg,85_Sarabi_MastinTibetano,4.Resultados_ext_caracteristicas/Eigen_Perros/K_2/4_Apolo_Husky/4_Apolo_Husky_10.png,4_Apolo_Husky,3714.451507288795
4.Resultados_ext_caracteristicas/Eigen_Perros_QUERY/K_1/85_Sarabi_MastinTibetano/85_Sarabi_MastinTibetano_3.jpeg,85_Sarabi_MastinTibetano,4.Resultados_ext_caracteristicas/Eigen_Perros/K_2/4_Apolo_Husky/4_Apolo_Husky_11.png,4_Apolo_Husky,3468.195784554269
4.Resultados_ext_caracteristicas/Eigen_Perros_QUERY/K_1/85_Sarabi_MastinTibetano/85_Sarabi_MastinTibetano_3.jpeg,85_Sarabi_MastinTibetano,4.Resultados_ext_caracteristicas/Eigen_Perros/K_2/4_Apolo_Husky/4_Apolo_Husky_4.png,4_Apolo_Husky,3311.8526537272155
4.Resultados_ext_caracteristicas/Eigen_Perros_QUERY/K_1/85_Sarabi_MastinTibetano/85_Sarabi_MastinTibetano_3.jpeg,85_Sarabi_MastinTibetano,4.Resultados_ext_caracteristicas/Eigen_Perros/K_2/4_Apolo_Husky/4_Apolo_Husky_7.png,4_Apolo_Husky,3520.275983499021
4.Resultados_ext_caracteristicas/Eigen_Perros_QUERY/K_1/85_Sarabi_MastinTibetano/85_Sarabi_MastinTibetano_3.jpeg,85_Sarabi_MastinTibetano,4.Resultados_ext_caracteristicas/Eigen_Perros/K_2/4_Apolo_Husky/4_Apolo_Husky_8.png,4_Apolo_Husky,3543.9046262561865
4.Resultados_ext_caracteristicas/Eigen_Perros_QUERY/K_1/85_Sarabi_MastinTibetano/85_Sarabi_MastinTibetano_3.jpeg,85_Sarabi_MastinTibetano,4.Resultados_ext_caracteristicas/Eigen_Perros/K_2/4_Apolo_Husky/4_Apolo_Husky_5.png,4_Apolo_Husky,3527.099091321365
4.Resultados_ext_caracteristicas/Eigen_Perros_QUERY/K_1/85_Sarabi_MastinTibetano/85_Sarabi_MastinTibetano_3.jpeg,85_Sarabi_MastinTibetano,4.Resultados_ext_caracteristicas/Eigen_Perros/K_2/4_Apolo_Husky/4_Apolo_Husky_3.png,4_Apolo_Husky,3676.932553093679
4.Resultados_ext_caracteristicas/Eigen_Perros_QUERY/K_1/85_Sarabi_MastinTibetano/85_Sarabi_MastinTibetano_3.jpeg,85_Sarabi_MastinTibetano,4.Resultados_ext_caracteristicas/Eigen_Perros/K_2/14_Cody_Pug/14_Cody_Pug_7.png,14_Cody_Pug,2128.9283689217914
4.Resultados_ext_caracteristicas/Eigen_Perros_QUERY/K_1/85_Sarabi_MastinTibetano/85_Sarabi_MastinTibetano_3.jpeg,85_Sarabi_MastinTibetano,4.Resultados_ext_caracteristicas/Eigen_Perros/K_2/14_Cody_Pug/14_Cody_Pug_4.png,14_Cody_Pug,3082.5197485174367
4.Resultados_ext_caracteristicas/Eigen_Perros_QUERY/K_1/85_Sarabi_MastinTibetano/85_Sarabi_MastinTibetano_3.jpeg,85_Sarabi_MastinTibetano,4.Resultados_ext_caracteristicas/Eigen_Perros/K_2/14_Cody_Pug/14_Cody_Pug_1.png,14_Cody_Pug,3044.5707415003517
4.Resultados_ext_caracteristicas/Eigen_Perros_QUERY/K_1/85_Sarabi_MastinTibetano/85_Sarabi_MastinTibetano_3.jpeg,85_Sarabi_MastinTibetano,4.Resultados_ext_caracteristicas/Eigen_Perros/K_2/14_Cody_Pug/14_Cody_Pug_5.png,14_Cody_Pug,3920.6299238770293
4.Resultados_ext_caracteristicas/Eigen_Perros_QUERY/K_1/85_Sarabi_MastinTibetano/85_Sarabi_MastinTibetano_3.jpeg,85_Sarabi_MastinTibetano,4.Resultados_ext_caracteristicas/Eigen_Perros/K_2/14_Cody_Pug/14_Cody_Pug_3.png,14_Cody_Pug,4517.214739194939
4.Resultados_ext_caracteristicas/Eigen_Perros_QUERY/K_1/85_Sarabi_MastinTibetano/85_Sarabi_MastinTibetano_3.jpeg,85_Sarabi_MastinTibetano,4.Resultados_ext_caracteristicas/Eigen_Perros/K_2/14_Cody_Pug/14_Cody_Pug_2.png,14_Cody_Pug,2945.8058320262726
4.Resultados_ext_caracteristicas/Eigen_Perros_QUERY/K_1/85_Sarabi_MastinTibetano/85_Sarabi_MastinTibetano_3.jpeg,85_Sarabi_MastinTibetano,4.Resultados_ext_caracteristicas/Eigen_Perros/K_2/8_Bella_Husky/8_Bella_Husky_3.png,8_Bella_Husky,5597.641110324956
4.Resultados_ext_caracteristicas/Eigen_Perros_QUERY/K_1/85_Sarabi_MastinTibetano/85_Sarabi_MastinTibetano_3.jpeg,85_Sarabi_MastinTibetano,4.Resultados_ext_caracteristicas/Eigen_Perros/K_2/8_Bella_Husky/8_Bella_Husky_2.png,8_Bella_Husky,5572.430798134688
4.Resultados_ext_caracteristicas/Eigen_Perros_QUERY/K_1/85_Sarabi_MastinTibetano/85_Sarabi_MastinTibetano_3.jpeg,85_Sarabi_MastinTibetano,4.Resultados_ext_caracteristicas/Eigen_Perros/K_2/8_Bella_Husky/8_Bella_Husky_1.png,8_Bella_Husky,5010.385015146042
4.Resultados_ext_caracteristicas/Eigen_Perros_QUERY/K_1/85_Sarabi_MastinTibetano/85_Sarabi_MastinTibetano_3.jpeg,85_Sarabi_MastinTibetano,4.Resultados_ext_caracteristicas/Eigen_Perros/K_2/8_Bella_Husky/8_Bella_Husky_4.png,8_Bella_Husky,4164.841173442272
4.Resultados_ext_caracteristicas/Eigen_Perros_QUERY/K_1/85_Sarabi_MastinTibetano/85_Sarabi_MastinTibetano_3.jpeg,85_Sarabi_MastinTibetano,4.Resultados_ext_caracteristicas/Eigen_Perros/K_2/8_Bella_Husky/8_Bella_Husky_5.png,8_Bella_Husky,5431.992452130249
4.Resultados_ext_caracteristicas/Eigen_Perros_QUERY/K_1/85_Sarabi_MastinTibetano/85_Sarabi_MastinTibetano_3.jpeg,85_Sarabi_MastinTibetano,4.Resultados_ext_caracteristicas/Eigen_Perros/K_2/8_Bella_Husky/8_Bella_Husky_8.png,8_Bella_Husky,5496.923594157008
4.Resultados_ext_caracteristicas/Eigen_Perros_QUERY/K_1/85_Sarabi_MastinTibetano/85_Sarabi_MastinTibetano_3.jpeg,85_Sarabi_MastinTibetano,4.Resultados_ext_caracteristicas/Eigen_Perros/K_2/8_Bella_Husky/8_Bella_Husky_6.png,8_Bella_Husky,3750.1013319642443
4.Resultados_ext_caracteristicas/Eigen_Perros_QUERY/K_1/85_Sarabi_MastinTibetano/85_Sarabi_MastinTibetano_3.jpeg,85_Sarabi_MastinTibetano,4.Resultados_ext_caracteristicas/Eigen_Perros/K_2/8_Bella_Husky/8_Bella_Husky_7.png,8_Bella_Husky,3955.6476081673404
4.Resultados_ext_caracteristicas/Eigen_Perros_QUERY/K_1/85_Sarabi_MastinTibetano/85_Sarabi_MastinTibetano_3.jpeg,85_Sarabi_MastinTibetano,4.Resultados_ext_caracteristicas/Eigen_Perros/K_2/9_Bella_Theresa_Husky/9_Bella_Theresa_Husky_5.png,9_Bella_Theresa_Husky,2604.0796838806605
4.Resultados_ext_caracteristicas/Eigen_Perros_QUERY/K_1/85_Sarabi_MastinTibetano/85_Sarabi_MastinTibetano_3.jpeg,85_Sarabi_MastinTibetano,4.Resultados_ext_caracteristicas/Eigen_Perros/K_2/9_Bella_Theresa_Husky/9_Bella_Theresa_Husky_2.png,9_Bella_Theresa_Husky,2572.025660836221
4.Resultados_ext_caracteristicas/Eigen_Perros_QUERY/K_1/85_Sarabi_MastinTibetano/85_Sarabi_MastinTibetano_3.jpeg,85_Sarabi_MastinTibetano,4.Resultados_ext_caracteristicas/Eigen_Perros/K_2/9_Bella_Theresa_Husky/9_Bella_Theresa_Husky_4.png,9_Bella_Theresa_Husky,2258.865644521604
4.Resultados_ext_caracteristicas/Eigen_Perros_QUERY/K_1/85_Sarabi_MastinTibetano/85_Sarabi_MastinTibetano_3.jpeg,85_Sarabi_MastinTibetano,4.Resultados_ext_caracteristicas/Eigen_Perros/K_2/9_Bella_Theresa_Husky/9_Bella_Theresa_Husky_7.png,9_Bella_Theresa_Husky,2892.025241936868
4.Resultados_ext_caracteristicas/Eigen_Perros_QUERY/K_1/85_Sarabi_MastinTibetano/85_Sarabi_MastinTibetano_3.jpeg,85_Sarabi_MastinTibetano,4.Resultados_ext_caracteristicas/Eigen_Perros/K_2/9_Bella_Theresa_Husky/9_Bella_Theresa_Husky_6.png,9_Bella_Theresa_Husky,2677.9930918506866
4.Resultados_ext_caracteristicas/Eigen_Perros_QUERY/K_1/85_Sarabi_MastinTibetano/85_Sarabi_MastinTibetano_3.jpeg,85_Sarabi_MastinTibetano,4.Resultados_ext_caracteristicas/Eigen_Perros/K_2/9_Bella_Theresa_Husky/9_Bella_Theresa_Husky_1.png,9_Bella_Theresa_Husky,2312.256689902745
4.Resultados_ext_caracteristicas/Eigen_Perros_QUERY/K_1/85_Sarabi_MastinTibetano/85_Sarabi_MastinTibetano_3.jpeg,85_Sarabi_MastinTibetano,4.Resultados_ext_caracteristicas/Eigen_Perros/K_2/9_Bella_Theresa_Husky/9_Bella_Theresa_Husky_8.png,9_Bella_Theresa_Husky,2420.277256844761
4.Resultados_ext_caracteristicas/Eigen_Perros_QUERY/K_1/85_Sarabi_MastinTibetano/85_Sarabi_MastinTibetano_3.jpeg,85_Sarabi_MastinTibetano,4.Resultados_ext_caracteristicas/Eigen_Perros/K_2/12_Blaxter_Pitbull/12_Blaxter_Pitbull_5.jpeg,12_Blaxter_Pitbull,5495.675572666203
4.Resultados_ext_caracteristicas/Eigen_Perros_QUERY/K_1/85_Sarabi_MastinTibetano/85_Sarabi_MastinTibetano_3.jpeg,85_Sarabi_MastinTibetano,4.Resultados_ext_caracteristicas/Eigen_Perros/K_2/12_Blaxter_Pitbull/12_Blaxter_Pitbull_4.jpeg,12_Blaxter_Pitbull,5852.995984963598
4.Resultados_ext_caracteristicas/Eigen_Perros_QUERY/K_1/85_Sarabi_MastinTibetano/85_Sarabi_MastinTibetano_3.jpeg,85_Sarabi_MastinTibetano,4.Resultados_ext_caracteristicas/Eigen_Perros/K_2/12_Blaxter_Pitbull/12_Blaxter_Pitbull_1.JPG,12_Blaxter_Pitbull,4554.813278280461
4.Resultados_ext_caracteristicas/Eigen_Perros_QUERY/K_1/85_Sarabi_MastinTibetano/85_Sarabi_MastinTibetano_3.jpeg,85_Sarabi_MastinTibetano,4.Resultados_ext_caracteristicas/Eigen_Perros/K_2/12_Blaxter_Pitbull/12_Blaxter_Pitbull_2.jpg,12_Blaxter_Pitbull,5376.354527000614
4.Resultados_ext_caracteristicas/Eigen_Perros_QUERY/K_1/85_Sarabi_MastinTibetano/85_Sarabi_MastinTibetano_3.jpeg,85_Sarabi_MastinTibetano,4.Resultados_ext_caracteristicas/Eigen_Perros/K_2/2_AmericanBully_Yoko/2_AmericanBully_Yoko_3.jpeg,2_AmericanBully_Yoko,2087.5078442966387
4.Resultados_ext_caracteristicas/Eigen_Perros_QUERY/K_1/85_Sarabi_MastinTibetano/85_Sarabi_MastinTibetano_3.jpeg,85_Sarabi_MastinTibetano,4.Resultados_ext_caracteristicas/Eigen_Perros/K_2/2_AmericanBully_Yoko/2_AmericanBully_Yoko_1.jpeg,2_AmericanBully_Yoko,5292.170632169753
4.Resultados_ext_caracteristicas/Eigen_Perros_QUERY/K_1/85_Sarabi_MastinTibetano/85_Sarabi_MastinTibetano_3.jpeg,85_Sarabi_MastinTibetano,4.Resultados_ext_caracteristicas/Eigen_Perros/K_2/2_AmericanBully_Yoko/2_AmericanBully_Yoko_5.jpeg,2_AmericanBully_Yoko,3668.346902897816
4.Resultados_ext_caracteristicas/Eigen_Perros_QUERY/K_1/85_Sarabi_MastinTibetano/85_Sarabi_MastinTibetano_3.jpeg,85_Sarabi_MastinTibetano,4.Resultados_ext_caracteristicas/Eigen_Perros/K_2/2_AmericanBully_Yoko/2_AmericanBully_Yoko_8.jpeg,2_AmericanBully_Yoko,2847.0732340422855
4.Resultados_ext_caracteristicas/Eigen_Perros_QUERY/K_1/85_Sarabi_MastinTibetano/85_Sarabi_MastinTibetano_3.jpeg,85_Sarabi_MastinTibetano,4.Resultados_ext_caracteristicas/Eigen_Perros/K_2/2_AmericanBully_Yoko/2_AmericanBully_Yoko_4.jpeg,2_AmericanBully_Yoko,5301.781021505886
4.Resultados_ext_caracteristicas/Eigen_Perros_QUERY/K_1/85_Sarabi_MastinTibetano/85_Sarabi_MastinTibetano_3.jpeg,85_Sarabi_MastinTibetano,4.Resultados_ext_caracteristicas/Eigen_Perros/K_2/2_AmericanBully_Yoko/2_AmericanBully_Yoko_7.jpeg,2_AmericanBully_Yoko,2974.8781487650886
4.Resultados_ext_caracteristicas/Eigen_Perros_QUERY/K_1/85_Sarabi_MastinTibetano/85_Sarabi_MastinTibetano_3.jpeg,85_Sarabi_MastinTibetano,4.Resultados_ext_caracteristicas/Eigen_Perros/K_2/6_Bella_Kappel_Husky/6_Bella_Kappel_Husky_1.png,6_Bella_Kappel_Husky,2329.763721925466
4.Resultados_ext_caracteristicas/Eigen_Perros_QUERY/K_1/85_Sarabi_MastinTibetano/85_Sarabi_MastinTibetano_3.jpeg,85_Sarabi_MastinTibetano,4.Resultados_ext_caracteristicas/Eigen_Perros/K_2/6_Bella_Kappel_Husky/6_Bella_Kappel_Husky_3.png,6_Bella_Kappel_Husky,2576.3142277292186
4.Resultados_ext_caracteristicas/Eigen_Perros_QUERY/K_1/85_Sarabi_MastinTibetano/85_Sarabi_MastinTibetano_3.jpeg,85_Sarabi_MastinTibetano,4.Resultados_ext_caracteristicas/Eigen_Perros/K_2/6_Bella_Kappel_Husky/6_Bella_Kappel_Husky_6.png,6_Bella_Kappel_Husky,4761.355899321116
4.Resultados_ext_caracteristicas/Eigen_Perros_QUERY/K_1/85_Sarabi_MastinTibetano/85_Sarabi_MastinTibetano_3.jpeg,85_Sarabi_MastinTibetano,4.Resultados_ext_caracteristicas/Eigen_Perros/K_2/6_Bella_Kappel_Husky/6_Bella_Kappel_Husky_7.png,6_Bella_Kappel_Husky,3174.7968438941098
4.Resultados_ext_caracteristicas/Eigen_Perros_QUERY/K_1/85_Sarabi_MastinTibetano/85_Sarabi_MastinTibetano_3.jpeg,85_Sarabi_MastinTibetano,4.Resultados_ext_caracteristicas/Eigen_Perros/K_2/6_Bella_Kappel_Husky/6_Bella_Kappel_Husky_2.png,6_Bella_Kappel_Husky,2986.492089391834
4.Resultados_ext_caracteristicas/Eigen_Perros_QUERY/K_1/85_Sarabi_MastinTibetano/85_Sarabi_MastinTibetano_3.jpeg,85_Sarabi_MastinTibetano,4.Resultados_ext_caracteristicas/Eigen_Perros/K_2/6_Bella_Kappel_Husky/6_Bella_Kappel_Husky_8.png,6_Bella_Kappel_Husky,3080.684664161524
4.Resultados_ext_caracteristicas/Eigen_Perros_QUERY/K_1/85_Sarabi_MastinTibetano/85_Sarabi_MastinTibetano_3.jpeg,85_Sarabi_MastinTibetano,4.Resultados_ext_caracteristicas/Eigen_Perros/K_2/6_Bella_Kappel_Husky/6_Bella_Kappel_Husky_5.png,6_Bella_Kappel_Husky,2669.4819722185803
4.Resultados_ext_caracteristicas/Eigen_Perros_QUERY/K_1/85_Sarabi_MastinTibetano/85_Sarabi_MastinTibetano_3.jpeg,85_Sarabi_MastinTibetano,4.Resultados_ext_caracteristicas/Eigen_Perros/K_2/6_Bella_Kappel_Husky/6_Bella_Kappel_Husky_9.png,6_Bella_Kappel_Husky,2144.6556833207515
4.Resultados_ext_caracteristicas/Eigen_Perros_QUERY/K_1/85_Sarabi_MastinTibetano/85_Sarabi_MastinTibetano_3.jpeg,85_Sarabi_MastinTibetano,4.Resultados_ext_caracteristicas/Eigen_Perros/K_2/23_Dante_Mixto/23_Dante_Mixto_1.jpeg,23_Dante_Mixto,2329.420099509747
4.Resultados_ext_caracteristicas/Eigen_Perros_QUERY/K_1/85_Sarabi_MastinTibetano/85_Sarabi_MastinTibetano_3.jpeg,85_Sarabi_MastinTibetano,4.Resultados_ext_caracteristicas/Eigen_Perros/K_2/23_Dante_Mixto/23_Dante_Mixto_3.jpeg,23_Dante_Mixto,4818.315265733449
4.Resultados_ext_caracteristicas/Eigen_Perros_QUERY/K_1/85_Sarabi_MastinTibetano/85_Sarabi_MastinTibetano_3.jpeg,85_Sarabi_MastinTibetano,4.Resultados_ext_caracteristicas/Eigen_Perros/K_2/23_Dante_Mixto/23_Dante_Mixto_4.jpeg,23_Dante_Mixto,3427.7197960160047
4.Resultados_ext_caracteristicas/Eigen_Perros_QUERY/K_1/85_Sarabi_MastinTibetano/85_Sarabi_MastinTibetano_3.jpeg,85_Sarabi_MastinTibetano,4.Resultados_ext_caracteristicas/Eigen_Perros/K_2/23_Dante_Mixto/23_Dante_Mixto_6.jpeg,23_Dante_Mixto,3619.889639201726
4.Resultados_ext_caracteristicas/Eigen_Perros_QUERY/K_1/85_Sarabi_MastinTibetano/85_Sarabi_MastinTibetano_3.jpeg,85_Sarabi_MastinTibetano,4.Resultados_ext_caracteristicas/Eigen_Perros/K_2/23_Dante_Mixto/23_Dante_Mixto_7.jpeg,23_Dante_Mixto,3455.8640019537806
4.Resultados_ext_caracteristicas/Eigen_Perros_QUERY/K_1/85_Sarabi_MastinTibetano/85_Sarabi_MastinTibetano_3.jpeg,85_Sarabi_MastinTibetano,4.Resultados_ext_caracteristicas/Eigen_Perros/K_2/23_Dante_Mixto/23_Dante_Mixto_5.jpeg,23_Dante_Mixto,2062.1025677691205
4.Resultados_ext_caracteristicas/Eigen_Perros_QUERY/K_1/85_Sarabi_MastinTibetano/85_Sarabi_MastinTibetano_3.jpeg,85_Sarabi_MastinTibetano,4.Resultados_ext_caracteristicas/Eigen_Perros/K_2/18_Chloe_Pug/18_Chloe_Pug_4.png,18_Chloe_Pug,4611.096507339659
4.Resultados_ext_caracteristicas/Eigen_Perros_QUERY/K_1/85_Sarabi_MastinTibetano/85_Sarabi_MastinTibetano_3.jpeg,85_Sarabi_MastinTibetano,4.Resultados_ext_caracteristicas/Eigen_Perros/K_2/18_Chloe_Pug/18_Chloe_Pug_2.png,18_Chloe_Pug,4550.683135530313
4.Resultados_ext_caracteristicas/Eigen_Perros_QUERY/K_1/85_Sarabi_MastinTibetano/85_Sarabi_MastinTibetano_3.jpeg,85_Sarabi_MastinTibetano,4.Resultados_ext_caracteristicas/Eigen_Perros/K_2/18_Chloe_Pug/18_Chloe_Pug_3.png,18_Chloe_Pug,8308.808639028823
4.Resultados_ext_caracteristicas/Eigen_Perros_QUERY/K_1/85_Sarabi_MastinTibetano/85_Sarabi_MastinTibetano_3.jpeg,85_Sarabi_MastinTibetano,4.Resultados_ext_caracteristicas/Eigen_Perros/K_2/18_Chloe_Pug/18_Chloe_Pug_5.png,18_Chloe_Pug,8575.948460666026
4.Resultados_ext_caracteristicas/Eigen_Perros_QUERY/K_1/85_Sarabi_MastinTibetano/85_Sarabi_MastinTibetano_3.jpeg,85_Sarabi_MastinTibetano,4.Resultados_ext_caracteristicas/Eigen_Perros/K_2/19_Bu_chan_Pug/19_Bu_chan_Pug_6.png,19_Bu_chan_Pug,2484.79818093945
4.Resultados_ext_caracteristicas/Eigen_Perros_QUERY/K_1/85_Sarabi_MastinTibetano/85_Sarabi_MastinTibetano_3.jpeg,85_Sarabi_MastinTibetano,4.Resultados_ext_caracteristicas/Eigen_Perros/K_2/19_Bu_chan_Pug/19_Bu_chan_Pug_1.png,19_Bu_chan_Pug,3190.3426148299495
4.Resultados_ext_caracteristicas/Eigen_Perros_QUERY/K_1/85_Sarabi_MastinTibetano/85_Sarabi_MastinTibetano_3.jpeg,85_Sarabi_MastinTibetano,4.Resultados_ext_caracteristicas/Eigen_Perros/K_2/19_Bu_chan_Pug/19_Bu_chan_Pug_2.png,19_Bu_chan_Pug,4779.749261206073
4.Resultados_ext_caracteristicas/Eigen_Perros_QUERY/K_1/85_Sarabi_MastinTibetano/85_Sarabi_MastinTibetano_3.jpeg,85_Sarabi_MastinTibetano,4.Resultados_ext_caracteristicas/Eigen_Perros/K_2/19_Bu_chan_Pug/19_Bu_chan_Pug_5.png,19_Bu_chan_Pug,3520.0677550297237
4.Resultados_ext_caracteristicas/Eigen_Perros_QUERY/K_1/85_Sarabi_MastinTibetano/85_Sarabi_MastinTibetano_3.jpeg,85_Sarabi_MastinTibetano,4.Resultados_ext_caracteristicas/Eigen_Perros/K_2/19_Bu_chan_Pug/19_Bu_chan_Pug_4.png,19_Bu_chan_Pug,3368.001929928188
4.Resultados_ext_caracteristicas/Eigen_Perros_QUERY/K_1/85_Sarabi_MastinTibetano/85_Sarabi_MastinTibetano_3.jpeg,85_Sarabi_MastinTibetano,4.Resultados_ext_caracteristicas/Eigen_Perros/K_2/19_Bu_chan_Pug/19_Bu_chan_Pug_8.png,19_Bu_chan_Pug,2867.285650227406
4.Resultados_ext_caracteristicas/Eigen_Perros_QUERY/K_1/85_Sarabi_MastinTibetano/85_Sarabi_MastinTibetano_3.jpeg,85_Sarabi_MastinTibetano,4.Resultados_ext_caracteristicas/Eigen_Perros/K_2/19_Bu_chan_Pug/19_Bu_chan_Pug_7.png,19_Bu_chan_Pug,2388.913979196405
4.Resultados_ext_caracteristicas/Eigen_Perros_QUERY/K_1/85_Sarabi_MastinTibetano/85_Sarabi_MastinTibetano_3.jpeg,85_Sarabi_MastinTibetano,4.Resultados_ext_caracteristicas/Eigen_Perros/K_2/15_Clara_Pug/15_Clara_Pug_1.png,15_Clara_Pug,1631.389591728475
4.Resultados_ext_caracteristicas/Eigen_Perros_QUERY/K_1/85_Sarabi_MastinTibetano/85_Sarabi_MastinTibetano_3.jpeg,85_Sarabi_MastinTibetano,4.Resultados_ext_caracteristicas/Eigen_Perros/K_2/15_Clara_Pug/15_Clara_Pug_2.png,15_Clara_Pug,4502.812565497258
4.Resultados_ext_caracteristicas/Eigen_Perros_QUERY/K_1/85_Sarabi_MastinTibetano/85_Sarabi_MastinTibetano_3.jpeg,85_Sarabi_MastinTibetano,4.Resultados_ext_caracteristicas/Eigen_Perros/K_2/15_Clara_Pug/15_Clara_Pug_3.png,15_Clara_Pug,1873.1350725454904
4.Resultados_ext_caracteristicas/Eigen_Perros_QUERY/K_1/85_Sarabi_MastinTibetano/85_Sarabi_MastinTibetano_3.jpeg,85_Sarabi_MastinTibetano,4.Resultados_ext_caracteristicas/Eigen_Perros/K_2/15_Clara_Pug/15_Clara_Pug_4.png,15_Clara_Pug,2786.873158218723
4.Resultados_ext_caracteristicas/Eigen_Perros_QUERY/K_1/85_Sarabi_MastinTibetano/85_Sarabi_MastinTibetano_3.jpeg,85_Sarabi_MastinTibetano,4.Resultados_ext_caracteristicas/Eigen_Perros/K_2/15_Clara_Pug/15_Clara_Pug_8.png,15_Clara_Pug,2489.5925369425413
4.Resultados_ext_caracteristicas/Eigen_Perros_QUERY/K_1/85_Sarabi_MastinTibetano/85_Sarabi_MastinTibetano_3.jpeg,85_Sarabi_MastinTibetano,4.Resultados_ext_caracteristicas/Eigen_Perros/K_2/15_Clara_Pug/15_Clara_Pug_6.png,15_Clara_Pug,3151.3819190951767
4.Resultados_ext_caracteristicas/Eigen_Perros_QUERY/K_1/85_Sarabi_MastinTibetano/85_Sarabi_MastinTibetano_3.jpeg,85_Sarabi_MastinTibetano,4.Resultados_ext_caracteristicas/Eigen_Perros/K_2/15_Clara_Pug/15_Clara_Pug_7.png,15_Clara_Pug,3248.7674585910268
4.Resultados_ext_caracteristicas/Eigen_Perros_QUERY/K_1/85_Sarabi_MastinTibetano/85_Sarabi_MastinTibetano_3.jpeg,85_Sarabi_MastinTibetano,4.Resultados_ext_caracteristicas/Eigen_Perros/K_2/15_Clara_Pug/15_Clara_Pug_9.png,15_Clara_Pug,2647.9014332108363
4.Resultados_ext_caracteristicas/Eigen_Perros_QUERY/K_1/85_Sarabi_MastinTibetano/85_Sarabi_MastinTibetano_3.jpeg,85_Sarabi_MastinTibetano,4.Resultados_ext_caracteristicas/Eigen_Perros/K_2/21_Capitan_PastorCollie/21_Capitan_PastorCollie_3.jpeg,21_Capitan_PastorCollie,2104.227886898185
4.Resultados_ext_caracteristicas/Eigen_Perros_QUERY/K_1/85_Sarabi_MastinTibetano/85_Sarabi_MastinTibetano_3.jpeg,85_Sarabi_MastinTibetano,4.Resultados_ext_caracteristicas/Eigen_Perros/K_2/21_Capitan_PastorCollie/21_Capitan_PastorCollie_6.jpeg,21_Capitan_PastorCollie,3810.5929984714976
4.Resultados_ext_caracteristicas/Eigen_Perros_QUERY/K_1/85_Sarabi_MastinTibetano/85_Sarabi_MastinTibetano_3.jpeg,85_Sarabi_MastinTibetano,4.Resultados_ext_caracteristicas/Eigen_Perros/K_2/21_Capitan_PastorCollie/21_Capitan_PastorCollie_1.jpeg,21_Capitan_PastorCollie,5786.008036634585
4.Resultados_ext_caracteristicas/Eigen_Perros_QUERY/K_1/85_Sarabi_MastinTibetano/85_Sarabi_MastinTibetano_3.jpeg,85_Sarabi_MastinTibetano,4.Resultados_ext_caracteristicas/Eigen_Perros/K_2/21_Capitan_PastorCollie/21_Capitan_PastorCollie_5.jpeg,21_Capitan_PastorCollie,2535.569955650997
4.Resultados_ext_caracteristicas/Eigen_Perros_QUERY/K_1/85_Sarabi_MastinTibetano/85_Sarabi_MastinTibetano_3.jpeg,85_Sarabi_MastinTibetano,4.Resultados_ext_caracteristicas/Eigen_Perros/K_2/21_Capitan_PastorCollie/21_Capitan_PastorCollie_2.jpeg,21_Capitan_PastorCollie,3915.7351800140927
4.Resultados_ext_caracteristicas/Eigen_Perros_QUERY/K_1/85_Sarabi_MastinTibetano/85_Sarabi_MastinTibetano_3.jpeg,85_Sarabi_MastinTibetano,4.Resultados_ext_caracteristicas/Eigen_Perros/K_2/21_Capitan_PastorCollie/21_Capitan_PastorCollie_9.jpeg,21_Capitan_PastorCollie,1523.0817443591136
4.Resultados_ext_caracteristicas/Eigen_Perros_QUERY/K_1/85_Sarabi_MastinTibetano/85_Sarabi_MastinTibetano_3.jpeg,85_Sarabi_MastinTibetano,4.Resultados_ext_caracteristicas/Eigen_Perros/K_2/21_Capitan_PastorCollie/21_Capitan_PastorCollie_4.jpeg,21_Capitan_PastorCollie,5377.683516161955
4.Resultados_ext_caracteristicas/Eigen_Perros_QUERY/K_1/85_Sarabi_MastinTibetano/85_Sarabi_MastinTibetano_3.jpeg,85_Sarabi_MastinTibetano,4.Resultados_ext_caracteristicas/Eigen_Perros/K_2/21_Capitan_PastorCollie/21_Capitan_PastorCollie_7.jpeg,21_Capitan_PastorCollie,4298.182639209274
4.Resultados_ext_caracteristicas/Eigen_Perros_QUERY/K_1/85_Sarabi_MastinTibetano/85_Sarabi_MastinTibetano_3.jpeg,85_Sarabi_MastinTibetano,4.Resultados_ext_caracteristicas/Eigen_Perros/K_2/21_Capitan_PastorCollie/21_Capitan_PastorCollie_12.jpeg,21_Capitan_PastorCollie,3115.7825662263404
4.Resultados_ext_caracteristicas/Eigen_Perros_QUERY/K_1/85_Sarabi_MastinTibetano/85_Sarabi_MastinTibetano_3.jpeg,85_Sarabi_MastinTibetano,4.Resultados_ext_caracteristicas/Eigen_Perros/K_2/21_Capitan_PastorCollie/21_Capitan_PastorCollie_10.jpeg,21_Capitan_PastorCollie,3687.2500593260556
4.Resultados_ext_caracteristicas/Eigen_Perros_QUERY/K_1/85_Sarabi_MastinTibetano/85_Sarabi_MastinTibetano_3.jpeg,85_Sarabi_MastinTibetano,4.Resultados_ext_caracteristicas/Eigen_Perros/K_2/21_Capitan_PastorCollie/21_Capitan_PastorCollie_11.jpeg,21_Capitan_PastorCollie,2821.6316201800687
4.Resultados_ext_caracteristicas/Eigen_Perros_QUERY/K_1/85_Sarabi_MastinTibetano/85_Sarabi_MastinTibetano_3.jpeg,85_Sarabi_MastinTibetano,4.Resultados_ext_caracteristicas/Eigen_Perros/K_2/25_Dakota_CNC_Husky/25_Dakota_CNC_Husky_3.png,25_Dakota_CNC_Husky,3275.9458176227517
4.Resultados_ext_caracteristicas/Eigen_Perros_QUERY/K_1/85_Sarabi_MastinTibetano/85_Sarabi_MastinTibetano_3.jpeg,85_Sarabi_MastinTibetano,4.Resultados_ext_caracteristicas/Eigen_Perros/K_2/25_Dakota_CNC_Husky/25_Dakota_CNC_Husky_5.png,25_Dakota_CNC_Husky,2886.363802433782
4.Resultados_ext_caracteristicas/Eigen_Perros_QUERY/K_1/85_Sarabi_MastinTibetano/85_Sarabi_MastinTibetano_3.jpeg,85_Sarabi_MastinTibetano,4.Resultados_ext_caracteristicas/Eigen_Perros/K_2/25_Dakota_CNC_Husky/25_Dakota_CNC_Husky_4.png,25_Dakota_CNC_Husky,2302.18939273032
4.Resultados_ext_caracteristicas/Eigen_Perros_QUERY/K_1/85_Sarabi_MastinTibetano/85_Sarabi_MastinTibetano_3.jpeg,85_Sarabi_MastinTibetano,4.Resultados_ext_caracteristicas/Eigen_Perros/K_2/25_Dakota_CNC_Husky/25_Dakota_CNC_Husky_2.png,25_Dakota_CNC_Husky,2951.277181153949
4.Resultados_ext_caracteristicas/Eigen_Perros_QUERY/K_1/85_Sarabi_MastinTibetano/85_Sarabi_MastinTibetano_3.jpeg,85_Sarabi_MastinTibetano,4.Resultados_ext_caracteristicas/Eigen_Perros/K_2/27_Doris_Pug/27_Doris_Pug_6.png,27_Doris_Pug,3767.2743462614985
4.Resultados_ext_caracteristicas/Eigen_Perros_QUERY/K_1/85_Sarabi_MastinTibetano/85_Sarabi_MastinTibetano_3.jpeg,85_Sarabi_MastinTibetano,4.Resultados_ext_caracteristicas/Eigen_Perros/K_2/27_Doris_Pug/27_Doris_Pug_7.png,27_Doris_Pug,3566.229381293357
4.Resultados_ext_caracteristicas/Eigen_Perros_QUERY/K_1/85_Sarabi_MastinTibetano/85_Sarabi_MastinTibetano_3.jpeg,85_Sarabi_MastinTibetano,4.Resultados_ext_caracteristicas/Eigen_Perros/K_2/27_Doris_Pug/27_Doris_Pug_4.png,27_Doris_Pug,3207.4531952937364
4.Resultados_ext_caracteristicas/Eigen_Perros_QUERY/K_1/85_Sarabi_MastinTibetano/85_Sarabi_MastinTibetano_3.jpeg,85_Sarabi_MastinTibetano,4.Resultados_ext_caracteristicas/Eigen_Perros/K_2/27_Doris_Pug/27_Doris_Pug_2.png,27_Doris_Pug,2659.50427711632
4.Resultados_ext_caracteristicas/Eigen_Perros_QUERY/K_1/85_Sarabi_MastinTibetano/85_Sarabi_MastinTibetano_3.jpeg,85_Sarabi_MastinTibetano,4.Resultados_ext_caracteristicas/Eigen_Perros/K_2/27_Doris_Pug/27_Doris_Pug_1.png,27_Doris_Pug,2961.475645687467
4.Resultados_ext_caracteristicas/Eigen_Perros_QUERY/K_1/85_Sarabi_MastinTibetano/85_Sarabi_MastinTibetano_3.jpeg,85_Sarabi_MastinTibetano,4.Resultados_ext_caracteristicas/Eigen_Perros/K_2/27_Doris_Pug/27_Doris_Pug_3.png,27_Doris_Pug,2491.534466950036
4.Resultados_ext_caracteristicas/Eigen_Perros_QUERY/K_1/85_Sarabi_MastinTibetano/85_Sarabi_MastinTibetano_3.jpeg,85_Sarabi_MastinTibetano,4.Resultados_ext_caracteristicas/Eigen_Perros/K_2/28_Dina_BorderCollie/28_Dina_BorderCollie_5.jpeg,28_Dina_BorderCollie,3292.8947751180876
4.Resultados_ext_caracteristicas/Eigen_Perros_QUERY/K_1/85_Sarabi_MastinTibetano/85_Sarabi_MastinTibetano_3.jpeg,85_Sarabi_MastinTibetano,4.Resultados_ext_caracteristicas/Eigen_Perros/K_2/28_Dina_BorderCollie/28_Dina_BorderCollie_7.jpeg,28_Dina_BorderCollie,4555.272659237864
4.Resultados_ext_caracteristicas/Eigen_Perros_QUERY/K_1/85_Sarabi_MastinTibetano/85_Sarabi_MastinTibetano_3.jpeg,85_Sarabi_MastinTibetano,4.Resultados_ext_caracteristicas/Eigen_Perros/K_2/28_Dina_BorderCollie/28_Dina_BorderCollie_6.jpeg,28_Dina_BorderCollie,3405.5660322477966
4.Resultados_ext_caracteristicas/Eigen_Perros_QUERY/K_1/85_Sarabi_MastinTibetano/85_Sarabi_MastinTibetano_3.jpeg,85_Sarabi_MastinTibetano,4.Resultados_ext_caracteristicas/Eigen_Perros/K_2/28_Dina_BorderCollie/28_Dina_BorderCollie_2.jpeg,28_Dina_BorderCollie,2179.135378997826
4.Resultados_ext_caracteristicas/Eigen_Perros_QUERY/K_1/85_Sarabi_MastinTibetano/85_Sarabi_MastinTibetano_3.jpeg,85_Sarabi_MastinTibetano,4.Resultados_ext_caracteristicas/Eigen_Perros/K_2/28_Dina_BorderCollie/28_Dina_BorderCollie_3.jpeg,28_Dina_BorderCollie,5041.948432897742
4.Resultados_ext_caracteristicas/Eigen_Perros_QUERY/K_1/85_Sarabi_MastinTibetano/85_Sarabi_MastinTibetano_3.jpeg,85_Sarabi_MastinTibetano,4.Resultados_ext_caracteristicas/Eigen_Perros/K_2/28_Dina_BorderCollie/28_Dina_BorderCollie_4.jpeg,28_Dina_BorderCollie,3350.2481997607283
4.Resultados_ext_caracteristicas/Eigen_Perros_QUERY/K_1/85_Sarabi_MastinTibetano/85_Sarabi_MastinTibetano_3.jpeg,85_Sarabi_MastinTibetano,4.Resultados_ext_caracteristicas/Eigen_Perros/K_2/20_Canela_Criollo/20_Canela_Criollo_5.jpeg,20_Canela_Criollo,2397.4682479649236
4.Resultados_ext_caracteristicas/Eigen_Perros_QUERY/K_1/85_Sarabi_MastinTibetano/85_Sarabi_MastinTibetano_3.jpeg,85_Sarabi_MastinTibetano,4.Resultados_ext_caracteristicas/Eigen_Perros/K_2/20_Canela_Criollo/20_Canela_Criollo_3.jpeg,20_Canela_Criollo,3300.257868712686
4.Resultados_ext_caracteristicas/Eigen_Perros_QUERY/K_1/85_Sarabi_MastinTibetano/85_Sarabi_MastinTibetano_3.jpeg,85_Sarabi_MastinTibetano,4.Resultados_ext_caracteristicas/Eigen_Perros/K_2/20_Canela_Criollo/20_Canela_Criollo_4.jpeg,20_Canela_Criollo,3086.6679445641703
4.Resultados_ext_caracteristicas/Eigen_Perros_QUERY/K_1/85_Sarabi_MastinTibetano/85_Sarabi_MastinTibetano_3.jpeg,85_Sarabi_MastinTibetano,4.Resultados_ext_caracteristicas/Eigen_Perros/K_2/20_Canela_Criollo/20_Canela_Criollo_2.jpeg,20_Canela_Criollo,3065.828273077277
4.Resultados_ext_caracteristicas/Eigen_Perros_QUERY/K_1/85_Sarabi_MastinTibetano/85_Sarabi_MastinTibetano_3.jpeg,85_Sarabi_MastinTibetano,4.Resultados_ext_caracteristicas/Eigen_Perros/K_2/16_Chesnut_Criollo/16_Chesnut_Criollo_3.jpeg,16_Chesnut_Criollo,2627.756838065501
4.Resultados_ext_caracteristicas/Eigen_Perros_QUERY/K_1/85_Sarabi_MastinTibetano/85_Sarabi_MastinTibetano_3.jpeg,85_Sarabi_MastinTibetano,4.Resultados_ext_caracteristicas/Eigen_Perros/K_2/16_Chesnut_Criollo/16_Chesnut_Criollo_4.jpeg,16_Chesnut_Criollo,3557.0461059705144
4.Resultados_ext_caracteristicas/Eigen_Perros_QUERY/K_1/85_Sarabi_MastinTibetano/85_Sarabi_MastinTibetano_3.jpeg,85_Sarabi_MastinTibetano,4.Resultados_ext_caracteristicas/Eigen_Perros/K_2/16_Chesnut_Criollo/16_Chesnut_Criollo_1.jpeg,16_Chesnut_Criollo,5076.6353030329055
4.Resultados_ext_caracteristicas/Eigen_Perros_QUERY/K_1/85_Sarabi_MastinTibetano/85_Sarabi_MastinTibetano_3.jpeg,85_Sarabi_MastinTibetano,4.Resultados_ext_caracteristicas/Eigen_Perros/K_2/16_Chesnut_Criollo/16_Chesnut_Criollo_5.jpeg,16_Chesnut_Criollo,3024.802142289641
4.Resultados_ext_caracteristicas/Eigen_Perros_QUERY/K_1/85_Sarabi_MastinTibetano/85_Sarabi_MastinTibetano_3.jpeg,85_Sarabi_MastinTibetano,4.Resultados_ext_caracteristicas/Eigen_Perros/K_2/16_Chesnut_Criollo/16_Chesnut_Criollo_9.jpeg,16_Chesnut_Criollo,2693.2656757178634
4.Resultados_ext_caracteristicas/Eigen_Perros_QUERY/K_1/85_Sarabi_MastinTibetano/85_Sarabi_MastinTibetano_3.jpeg,85_Sarabi_MastinTibetano,4.Resultados_ext_caracteristicas/Eigen_Perros/K_2/16_Chesnut_Criollo/16_Chesnut_Criollo_8.jpeg,16_Chesnut_Criollo,2166.233597745174
4.Resultados_ext_caracteristicas/Eigen_Perros_QUERY/K_1/85_Sarabi_MastinTibetano/85_Sarabi_MastinTibetano_3.jpeg,85_Sarabi_MastinTibetano,4.Resultados_ext_caracteristicas/Eigen_Perros/K_2/16_Chesnut_Criollo/16_Chesnut_Criollo_7.jpeg,16_Chesnut_Criollo,3082.929613208839
4.Resultados_ext_caracteristicas/Eigen_Perros_QUERY/K_1/85_Sarabi_MastinTibetano/85_Sarabi_MastinTibetano_3.jpeg,85_Sarabi_MastinTibetano,4.Resultados_ext_caracteristicas/Eigen_Perros/K_2/33_Eimmy_Beagle/33_Eimmy_Beagle_7.jpeg,33_Eimmy_Beagle,4759.567417318511
4.Resultados_ext_caracteristicas/Eigen_Perros_QUERY/K_1/85_Sarabi_MastinTibetano/85_Sarabi_MastinTibetano_3.jpeg,85_Sarabi_MastinTibetano,4.Resultados_ext_caracteristicas/Eigen_Perros/K_2/33_Eimmy_Beagle/33_Eimmy_Beagle_8.jpeg,33_Eimmy_Beagle,4918.983024975792
4.Resultados_ext_caracteristicas/Eigen_Perros_QUERY/K_1/85_Sarabi_MastinTibetano/85_Sarabi_MastinTibetano_3.jpeg,85_Sarabi_MastinTibetano,4.Resultados_ext_caracteristicas/Eigen_Perros/K_2/33_Eimmy_Beagle/33_Eimmy_Beagle_4.jpeg,33_Eimmy_Beagle,5393.806818935955
4.Resultados_ext_caracteristicas/Eigen_Perros_QUERY/K_1/85_Sarabi_MastinTibetano/85_Sarabi_MastinTibetano_3.jpeg,85_Sarabi_MastinTibetano,4.Resultados_ext_caracteristicas/Eigen_Perros/K_2/33_Eimmy_Beagle/33_Eimmy_Beagle_2.jpeg,33_Eimmy_Beagle,4199.864283521552
4.Resultados_ext_caracteristicas/Eigen_Perros_QUERY/K_1/85_Sarabi_MastinTibetano/85_Sarabi_MastinTibetano_3.jpeg,85_Sarabi_MastinTibetano,4.Resultados_ext_caracteristicas/Eigen_Perros/K_2/33_Eimmy_Beagle/33_Eimmy_Beagle_3.jpeg,33_Eimmy_Beagle,5194.648688795037
4.Resultados_ext_caracteristicas/Eigen_Perros_QUERY/K_1/85_Sarabi_MastinTibetano/85_Sarabi_MastinTibetano_3.jpeg,85_Sarabi_MastinTibetano,4.Resultados_ext_caracteristicas/Eigen_Perros/K_2/33_Eimmy_Beagle/33_Eimmy_Beagle_5.jpeg,33_Eimmy_Beagle,3460.6771013777056
4.Resultados_ext_caracteristicas/Eigen_Perros_QUERY/K_1/85_Sarabi_MastinTibetano/85_Sarabi_MastinTibetano_3.jpeg,85_Sarabi_MastinTibetano,4.Resultados_ext_caracteristicas/Eigen_Perros/K_2/33_Eimmy_Beagle/33_Eimmy_Beagle_1.jpeg,33_Eimmy_Beagle,4360.895550228187
4.Resultados_ext_caracteristicas/Eigen_Perros_QUERY/K_1/85_Sarabi_MastinTibetano/85_Sarabi_MastinTibetano_3.jpeg,85_Sarabi_MastinTibetano,4.Resultados_ext_caracteristicas/Eigen_Perros/K_2/29_Husky_Jonva/29_Husky_Jonva_1.jpeg,29_Husky_Jonva,2181.921400967505
4.Resultados_ext_caracteristicas/Eigen_Perros_QUERY/K_1/85_Sarabi_MastinTibetano/85_Sarabi_MastinTibetano_3.jpeg,85_Sarabi_MastinTibetano,4.Resultados_ext_caracteristicas/Eigen_Perros/K_2/29_Husky_Jonva/29_Husky_Jonva_2.jpeg,29_Husky_Jonva,2181.921400967505
4.Resultados_ext_caracteristicas/Eigen_Perros_QUERY/K_1/85_Sarabi_MastinTibetano/85_Sarabi_MastinTibetano_3.jpeg,85_Sarabi_MastinTibetano,4.Resultados_ext_caracteristicas/Eigen_Perros/K_2/29_Husky_Jonva/29_Husky_Jonva_3.jpeg,29_Husky_Jonva,3345.228392800707
4.Resultados_ext_caracteristicas/Eigen_Perros_QUERY/K_1/85_Sarabi_MastinTibetano/85_Sarabi_MastinTibetano_3.jpeg,85_Sarabi_MastinTibetano,4.Resultados_ext_caracteristicas/Eigen_Perros/K_2/29_Husky_Jonva/29_Husky_Jonva_8.jpeg,29_Husky_Jonva,5279.235550721335
4.Resultados_ext_caracteristicas/Eigen_Perros_QUERY/K_1/85_Sarabi_MastinTibetano/85_Sarabi_MastinTibetano_3.jpeg,85_Sarabi_MastinTibetano,4.Resultados_ext_caracteristicas/Eigen_Perros/K_2/29_Husky_Jonva/29_Husky_Jonva_9.jpeg,29_Husky_Jonva,4603.084509326328
4.Resultados_ext_caracteristicas/Eigen_Perros_QUERY/K_1/85_Sarabi_MastinTibetano/85_Sarabi_MastinTibetano_3.jpeg,85_Sarabi_MastinTibetano,4.Resultados_ext_caracteristicas/Eigen_Perros/K_2/29_Husky_Jonva/29_Husky_Jonva_4.jpeg,29_Husky_Jonva,3345.228392800707
4.Resultados_ext_caracteristicas/Eigen_Perros_QUERY/K_1/85_Sarabi_MastinTibetano/85_Sarabi_MastinTibetano_3.jpeg,85_Sarabi_MastinTibetano,4.Resultados_ext_caracteristicas/Eigen_Perros/K_2/29_Husky_Jonva/29_Husky_Jonva_12.jpeg,29_Husky_Jonva,5326.2192031496415
4.Resultados_ext_caracteristicas/Eigen_Perros_QUERY/K_1/85_Sarabi_MastinTibetano/85_Sarabi_MastinTibetano_3.jpeg,85_Sarabi_MastinTibetano,4.Resultados_ext_caracteristicas/Eigen_Perros/K_2/29_Husky_Jonva/29_Husky_Jonva_10.jpeg,29_Husky_Jonva,3012.4252687826133
4.Resultados_ext_caracteristicas/Eigen_Perros_QUERY/K_1/85_Sarabi_MastinTibetano/85_Sarabi_MastinTibetano_3.jpeg,85_Sarabi_MastinTibetano,4.Resultados_ext_caracteristicas/Eigen_Perros/K_2/29_Husky_Jonva/29_Husky_Jonva_11.jpeg,29_Husky_Jonva,5679.76566418017
4.Resultados_ext_caracteristicas/Eigen_Perros_QUERY/K_1/85_Sarabi_MastinTibetano/85_Sarabi_MastinTibetano_3.jpeg,85_Sarabi_MastinTibetano,4.Resultados_ext_caracteristicas/Eigen_Perros/K_2/29_Husky_Jonva/29_Husky_Jonva_13.jpeg,29_Husky_Jonva,4379.277565991907
4.Resultados_ext_caracteristicas/Eigen_Perros_QUERY/K_1/85_Sarabi_MastinTibetano/85_Sarabi_MastinTibetano_3.jpeg,85_Sarabi_MastinTibetano,4.Resultados_ext_caracteristicas/Eigen_Perros/K_2/29_Husky_Jonva/29_Husky_Jonva_14.jpeg,29_Husky_Jonva,4379.277565991907
4.Resultados_ext_caracteristicas/Eigen_Perros_QUERY/K_1/85_Sarabi_MastinTibetano/85_Sarabi_MastinTibetano_3.jpeg,85_Sarabi_MastinTibetano,4.Resultados_ext_caracteristicas/Eigen_Perros/K_2/29_Husky_Jonva/29_Husky_Jonva_7.jpeg,29_Husky_Jonva,2257.5484490925105
4.Resultados_ext_caracteristicas/Eigen_Perros_QUERY/K_1/85_Sarabi_MastinTibetano/85_Sarabi_MastinTibetano_3.jpeg,85_Sarabi_MastinTibetano,4.Resultados_ext_caracteristicas/Eigen_Perros/K_2/29_Husky_Jonva/29_Husky_Jonva_6.jpeg,29_Husky_Jonva,2475.2539263679596
4.Resultados_ext_caracteristicas/Eigen_Perros_QUERY/K_1/85_Sarabi_MastinTibetano/85_Sarabi_MastinTibetano_3.jpeg,85_Sarabi_MastinTibetano,4.Resultados_ext_caracteristicas/Eigen_Perros/K_2/30_Injun_Husky/30_Injun_Husky_8.png,30_Injun_Husky,4396.663052816306
4.Resultados_ext_caracteristicas/Eigen_Perros_QUERY/K_1/85_Sarabi_MastinTibetano/85_Sarabi_MastinTibetano_3.jpeg,85_Sarabi_MastinTibetano,4.Resultados_ext_caracteristicas/Eigen_Perros/K_2/30_Injun_Husky/30_Injun_Husky_3.png,30_Injun_Husky,4586.401530611989
4.Resultados_ext_caracteristicas/Eigen_Perros_QUERY/K_1/85_Sarabi_MastinTibetano/85_Sarabi_MastinTibetano_3.jpeg,85_Sarabi_MastinTibetano,4.Resultados_ext_caracteristicas/Eigen_Perros/K_2/30_Injun_Husky/30_Injun_Husky_7.png,30_Injun_Husky,4106.72509428133
4.Resultados_ext_caracteristicas/Eigen_Perros_QUERY/K_1/85_Sarabi_MastinTibetano/85_Sarabi_MastinTibetano_3.jpeg,85_Sarabi_MastinTibetano,4.Resultados_ext_caracteristicas/Eigen_Perros/K_2/30_Injun_Husky/30_Injun_Husky_5.png,30_Injun_Husky,5265.962969866006
4.Resultados_ext_caracteristicas/Eigen_Perros_QUERY/K_1/85_Sarabi_MastinTibetano/85_Sarabi_MastinTibetano_3.jpeg,85_Sarabi_MastinTibetano,4.Resultados_ext_caracteristicas/Eigen_Perros/K_2/30_Injun_Husky/30_Injun_Husky_1.png,30_Injun_Husky,5320.02227438946
4.Resultados_ext_caracteristicas/Eigen_Perros_QUERY/K_1/85_Sarabi_MastinTibetano/85_Sarabi_MastinTibetano_3.jpeg,85_Sarabi_MastinTibetano,4.Resultados_ext_caracteristicas/Eigen_Perros/K_2/30_Injun_Husky/30_Injun_Husky_6.png,30_Injun_Husky,4575.9122587741995
4.Resultados_ext_caracteristicas/Eigen_Perros_QUERY/K_1/85_Sarabi_MastinTibetano/85_Sarabi_MastinTibetano_3.jpeg,85_Sarabi_MastinTibetano,4.Resultados_ext_caracteristicas/Eigen_Perros/K_2/30_Injun_Husky/30_Injun_Husky_2.png,30_Injun_Husky,4807.664609766368
4.Resultados_ext_caracteristicas/Eigen_Perros_QUERY/K_1/85_Sarabi_MastinTibetano/85_Sarabi_MastinTibetano_3.jpeg,85_Sarabi_MastinTibetano,4.Resultados_ext_caracteristicas/Eigen_Perros/K_2/30_Injun_Husky/30_Injun_Husky_10.png,30_Injun_Husky,4563.875765180293
4.Resultados_ext_caracteristicas/Eigen_Perros_QUERY/K_1/85_Sarabi_MastinTibetano/85_Sarabi_MastinTibetano_3.jpeg,85_Sarabi_MastinTibetano,4.Resultados_ext_caracteristicas/Eigen_Perros/K_2/30_Injun_Husky/30_Injun_Husky_9.png,30_Injun_Husky,5407.089142967776
4.Resultados_ext_caracteristicas/Eigen_Perros_QUERY/K_1/85_Sarabi_MastinTibetano/85_Sarabi_MastinTibetano_3.jpeg,85_Sarabi_MastinTibetano,4.Resultados_ext_caracteristicas/Eigen_Perros/K_2/32_Duke_Pug/32_Duke_Pug_2.png,32_Duke_Pug,3336.1955877915793
4.Resultados_ext_caracteristicas/Eigen_Perros_QUERY/K_1/85_Sarabi_MastinTibetano/85_Sarabi_MastinTibetano_3.jpeg,85_Sarabi_MastinTibetano,4.Resultados_ext_caracteristicas/Eigen_Perros/K_2/32_Duke_Pug/32_Duke_Pug_1.png,32_Duke_Pug,3058.5442615728157
4.Resultados_ext_caracteristicas/Eigen_Perros_QUERY/K_1/85_Sarabi_MastinTibetano/85_Sarabi_MastinTibetano_3.jpeg,85_Sarabi_MastinTibetano,4.Resultados_ext_caracteristicas/Eigen_Perros/K_2/32_Duke_Pug/32_Duke_Pug_5.png,32_Duke_Pug,3005.687442166933
4.Resultados_ext_caracteristicas/Eigen_Perros_QUERY/K_1/85_Sarabi_MastinTibetano/85_Sarabi_MastinTibetano_3.jpeg,85_Sarabi_MastinTibetano,4.Resultados_ext_caracteristicas/Eigen_Perros/K_2/32_Duke_Pug/32_Duke_Pug_3.png,32_Duke_Pug,2841.4622995915324
4.Resultados_ext_caracteristicas/Eigen_Perros_QUERY/K_1/85_Sarabi_MastinTibetano/85_Sarabi_MastinTibetano_3.jpeg,85_Sarabi_MastinTibetano,4.Resultados_ext_caracteristicas/Eigen_Perros/K_2/32_Duke_Pug/32_Duke_Pug_6.png,32_Duke_Pug,2212.768853721509
4.Resultados_ext_caracteristicas/Eigen_Perros_QUERY/K_1/85_Sarabi_MastinTibetano/85_Sarabi_MastinTibetano_3.jpeg,85_Sarabi_MastinTibetano,4.Resultados_ext_caracteristicas/Eigen_Perros/K_2/32_Duke_Pug/32_Duke_Pug_11.png,32_Duke_Pug,3018.34176328659
4.Resultados_ext_caracteristicas/Eigen_Perros_QUERY/K_1/85_Sarabi_MastinTibetano/85_Sarabi_MastinTibetano_3.jpeg,85_Sarabi_MastinTibetano,4.Resultados_ext_caracteristicas/Eigen_Perros/K_2/32_Duke_Pug/32_Duke_Pug_12.png,32_Duke_Pug,3243.3273038655843
4.Resultados_ext_caracteristicas/Eigen_Perros_QUERY/K_1/85_Sarabi_MastinTibetano/85_Sarabi_MastinTibetano_3.jpeg,85_Sarabi_MastinTibetano,4.Resultados_ext_caracteristicas/Eigen_Perros/K_2/32_Duke_Pug/32_Duke_Pug_13.png,32_Duke_Pug,2315.3397158948405
4.Resultados_ext_caracteristicas/Eigen_Perros_QUERY/K_1/85_Sarabi_MastinTibetano/85_Sarabi_MastinTibetano_3.jpeg,85_Sarabi_MastinTibetano,4.Resultados_ext_caracteristicas/Eigen_Perros/K_2/32_Duke_Pug/32_Duke_Pug_14.png,32_Duke_Pug,2051.9995126705076
4.Resultados_ext_caracteristicas/Eigen_Perros_QUERY/K_1/85_Sarabi_MastinTibetano/85_Sarabi_MastinTibetano_3.jpeg,85_Sarabi_MastinTibetano,4.Resultados_ext_caracteristicas/Eigen_Perros/K_2/32_Duke_Pug/32_Duke_Pug_4.png,32_Duke_Pug,3882.030396583726
4.Resultados_ext_caracteristicas/Eigen_Perros_QUERY/K_1/85_Sarabi_MastinTibetano/85_Sarabi_MastinTibetano_3.jpeg,85_Sarabi_MastinTibetano,4.Resultados_ext_caracteristicas/Eigen_Perros/K_2/32_Duke_Pug/32_Duke_Pug_10.png,32_Duke_Pug,2942.786774470757
4.Resultados_ext_caracteristicas/Eigen_Perros_QUERY/K_1/85_Sarabi_MastinTibetano/85_Sarabi_MastinTibetano_3.jpeg,85_Sarabi_MastinTibetano,4.Resultados_ext_caracteristicas/Eigen_Perros/K_2/32_Duke_Pug/32_Duke_Pug_8.png,32_Duke_Pug,2905.2595409016385
4.Resultados_ext_caracteristicas/Eigen_Perros_QUERY/K_1/85_Sarabi_MastinTibetano/85_Sarabi_MastinTibetano_3.jpeg,85_Sarabi_MastinTibetano,4.Resultados_ext_caracteristicas/Eigen_Perros/K_2/32_Duke_Pug/32_Duke_Pug_9.png,32_Duke_Pug,3173.9907057204814
4.Resultados_ext_caracteristicas/Eigen_Perros_QUERY/K_1/85_Sarabi_MastinTibetano/85_Sarabi_MastinTibetano_3.jpeg,85_Sarabi_MastinTibetano,4.Resultados_ext_caracteristicas/Eigen_Perros/K_2/36_Goliath_BulldogIngles/36_Goliath_BulldogIngles_5.jpeg,36_Goliath_BulldogIngles,2950.078643019538
4.Resultados_ext_caracteristicas/Eigen_Perros_QUERY/K_1/85_Sarabi_MastinTibetano/85_Sarabi_MastinTibetano_3.jpeg,85_Sarabi_MastinTibetano,4.Resultados_ext_caracteristicas/Eigen_Perros/K_2/36_Goliath_BulldogIngles/36_Goliath_BulldogIngles_4.jpeg,36_Goliath_BulldogIngles,2982.171356578961
4.Resultados_ext_caracteristicas/Eigen_Perros_QUERY/K_1/85_Sarabi_MastinTibetano/85_Sarabi_MastinTibetano_3.jpeg,85_Sarabi_MastinTibetano,4.Resultados_ext_caracteristicas/Eigen_Perros/K_2/36_Goliath_BulldogIngles/36_Goliath_BulldogIngles_3.jpeg,36_Goliath_BulldogIngles,2982.171356578961
4.Resultados_ext_caracteristicas/Eigen_Perros_QUERY/K_1/85_Sarabi_MastinTibetano/85_Sarabi_MastinTibetano_3.jpeg,85_Sarabi_MastinTibetano,4.Resultados_ext_caracteristicas/Eigen_Perros/K_2/36_Goliath_BulldogIngles/36_Goliath_BulldogIngles_2.jpeg,36_Goliath_BulldogIngles,4808.789660611077
4.Resultados_ext_caracteristicas/Eigen_Perros_QUERY/K_1/85_Sarabi_MastinTibetano/85_Sarabi_MastinTibetano_3.jpeg,85_Sarabi_MastinTibetano,4.Resultados_ext_caracteristicas/Eigen_Perros/K_2/37_Eve_Husky/37_Eve_Husky_1.png,37_Eve_Husky,3413.0826242562603
4.Resultados_ext_caracteristicas/Eigen_Perros_QUERY/K_1/85_Sarabi_MastinTibetano/85_Sarabi_MastinTibetano_3.jpeg,85_Sarabi_MastinTibetano,4.Resultados_ext_caracteristicas/Eigen_Perros/K_2/37_Eve_Husky/37_Eve_Husky_3.png,37_Eve_Husky,3089.8491872581744
4.Resultados_ext_caracteristicas/Eigen_Perros_QUERY/K_1/85_Sarabi_MastinTibetano/85_Sarabi_MastinTibetano_3.jpeg,85_Sarabi_MastinTibetano,4.Resultados_ext_caracteristicas/Eigen_Perros/K_2/37_Eve_Husky/37_Eve_Husky_2.png,37_Eve_Husky,3622.573532725043
4.Resultados_ext_caracteristicas/Eigen_Perros_QUERY/K_1/85_Sarabi_MastinTibetano/85_Sarabi_MastinTibetano_3.jpeg,85_Sarabi_MastinTibetano,4.Resultados_ext_caracteristicas/Eigen_Perros/K_2/37_Eve_Husky/37_Eve_Husky_4.png,37_Eve_Husky,5431.159452639924
4.Resultados_ext_caracteristicas/Eigen_Perros_QUERY/K_1/85_Sarabi_MastinTibetano/85_Sarabi_MastinTibetano_3.jpeg,85_Sarabi_MastinTibetano,4.Resultados_ext_caracteristicas/Eigen_Perros/K_2/37_Eve_Husky/37_Eve_Husky_6.png,37_Eve_Husky,2541.9223040840566
4.Resultados_ext_caracteristicas/Eigen_Perros_QUERY/K_1/85_Sarabi_MastinTibetano/85_Sarabi_MastinTibetano_3.jpeg,85_Sarabi_MastinTibetano,4.Resultados_ext_caracteristicas/Eigen_Perros/K_2/37_Eve_Husky/37_Eve_Husky_7.png,37_Eve_Husky,4978.156686967577
4.Resultados_ext_caracteristicas/Eigen_Perros_QUERY/K_1/85_Sarabi_MastinTibetano/85_Sarabi_MastinTibetano_3.jpeg,85_Sarabi_MastinTibetano,4.Resultados_ext_caracteristicas/Eigen_Perros/K_2/40_Kira_Husky/40_Kira_Husky_3.png,40_Kira_Husky,2731.2881576281916
4.Resultados_ext_caracteristicas/Eigen_Perros_QUERY/K_1/85_Sarabi_MastinTibetano/85_Sarabi_MastinTibetano_3.jpeg,85_Sarabi_MastinTibetano,4.Resultados_ext_caracteristicas/Eigen_Perros/K_2/40_Kira_Husky/40_Kira_Husky_5.png,40_Kira_Husky,3334.011997578893
4.Resultados_ext_caracteristicas/Eigen_Perros_QUERY/K_1/85_Sarabi_MastinTibetano/85_Sarabi_MastinTibetano_3.jpeg,85_Sarabi_MastinTibetano,4.Resultados_ext_caracteristicas/Eigen_Perros/K_2/40_Kira_Husky/40_Kira_Husky_4.png,40_Kira_Husky,3271.996943763854
4.Resultados_ext_caracteristicas/Eigen_Perros_QUERY/K_1/85_Sarabi_MastinTibetano/85_Sarabi_MastinTibetano_3.jpeg,85_Sarabi_MastinTibetano,4.Resultados_ext_caracteristicas/Eigen_Perros/K_2/40_Kira_Husky/40_Kira_Husky_2.png,40_Kira_Husky,2630.642317001686
4.Resultados_ext_caracteristicas/Eigen_Perros_QUERY/K_1/85_Sarabi_MastinTibetano/85_Sarabi_MastinTibetano_3.jpeg,85_Sarabi_MastinTibetano,4.Resultados_ext_caracteristicas/Eigen_Perros/K_2/38_Gracie_Pug/38_Gracie_Pug_1.png,38_Gracie_Pug,3334.9020975135086
4.Resultados_ext_caracteristicas/Eigen_Perros_QUERY/K_1/85_Sarabi_MastinTibetano/85_Sarabi_MastinTibetano_3.jpeg,85_Sarabi_MastinTibetano,4.Resultados_ext_caracteristicas/Eigen_Perros/K_2/38_Gracie_Pug/38_Gracie_Pug_3.png,38_Gracie_Pug,3369.0460074032826
4.Resultados_ext_caracteristicas/Eigen_Perros_QUERY/K_1/85_Sarabi_MastinTibetano/85_Sarabi_MastinTibetano_3.jpeg,85_Sarabi_MastinTibetano,4.Resultados_ext_caracteristicas/Eigen_Perros/K_2/38_Gracie_Pug/38_Gracie_Pug_6.png,38_Gracie_Pug,2728.8167765535304
4.Resultados_ext_caracteristicas/Eigen_Perros_QUERY/K_1/85_Sarabi_MastinTibetano/85_Sarabi_MastinTibetano_3.jpeg,85_Sarabi_MastinTibetano,4.Resultados_ext_caracteristicas/Eigen_Perros/K_2/38_Gracie_Pug/38_Gracie_Pug_5.png,38_Gracie_Pug,3535.7634253439523
4.Resultados_ext_caracteristicas/Eigen_Perros_QUERY/K_1/85_Sarabi_MastinTibetano/85_Sarabi_MastinTibetano_3.jpeg,85_Sarabi_MastinTibetano,4.Resultados_ext_caracteristicas/Eigen_Perros/K_2/38_Gracie_Pug/38_Gracie_Pug_4.png,38_Gracie_Pug,2706.4918252231982
4.Resultados_ext_caracteristicas/Eigen_Perros_QUERY/K_1/85_Sarabi_MastinTibetano/85_Sarabi_MastinTibetano_3.jpeg,85_Sarabi_MastinTibetano,4.Resultados_ext_caracteristicas/Eigen_Perros/K_2/38_Gracie_Pug/38_Gracie_Pug_2.png,38_Gracie_Pug,4227.68411781202
4.Resultados_ext_caracteristicas/Eigen_Perros_QUERY/K_1/85_Sarabi_MastinTibetano/85_Sarabi_MastinTibetano_3.jpeg,85_Sarabi_MastinTibetano,4.Resultados_ext_caracteristicas/Eigen_Perros/K_2/38_Gracie_Pug/38_Gracie_Pug_7.png,38_Gracie_Pug,2385.1010460775033
4.Resultados_ext_caracteristicas/Eigen_Perros_QUERY/K_1/85_Sarabi_MastinTibetano/85_Sarabi_MastinTibetano_3.jpeg,85_Sarabi_MastinTibetano,4.Resultados_ext_caracteristicas/Eigen_Perros/K_2/38_Gracie_Pug/38_Gracie_Pug_13.png,38_Gracie_Pug,2706.4918252231982
4.Resultados_ext_caracteristicas/Eigen_Perros_QUERY/K_1/85_Sarabi_MastinTibetano/85_Sarabi_MastinTibetano_3.jpeg,85_Sarabi_MastinTibetano,4.Resultados_ext_caracteristicas/Eigen_Perros/K_2/38_Gracie_Pug/38_Gracie_Pug_11.png,38_Gracie_Pug,3266.677363928063
4.Resultados_ext_caracteristicas/Eigen_Perros_QUERY/K_1/85_Sarabi_MastinTibetano/85_Sarabi_MastinTibetano_3.jpeg,85_Sarabi_MastinTibetano,4.Resultados_ext_caracteristicas/Eigen_Perros/K_2/38_Gracie_Pug/38_Gracie_Pug_17.png,38_Gracie_Pug,3266.677363928063
4.Resultados_ext_caracteristicas/Eigen_Perros_QUERY/K_1/85_Sarabi_MastinTibetano/85_Sarabi_MastinTibetano_3.jpeg,85_Sarabi_MastinTibetano,4.Resultados_ext_caracteristicas/Eigen_Perros/K_2/38_Gracie_Pug/38_Gracie_Pug_15.png,38_Gracie_Pug,4227.68411781202
4.Resultados_ext_caracteristicas/Eigen_Perros_QUERY/K_1/85_Sarabi_MastinTibetano/85_Sarabi_MastinTibetano_3.jpeg,85_Sarabi_MastinTibetano,4.Resultados_ext_caracteristicas/Eigen_Perros/K_2/38_Gracie_Pug/38_Gracie_Pug_12.png,38_Gracie_Pug,3274.0705551346937
4.Resultados_ext_caracteristicas/Eigen_Perros_QUERY/K_1/85_Sarabi_MastinTibetano/85_Sarabi_MastinTibetano_3.jpeg,85_Sarabi_MastinTibetano,4.Resultados_ext_caracteristicas/Eigen_Perros/K_2/38_Gracie_Pug/38_Gracie_Pug_8.png,38_Gracie_Pug,2893.131694202668
4.Resultados_ext_caracteristicas/Eigen_Perros_QUERY/K_1/85_Sarabi_MastinTibetano/85_Sarabi_MastinTibetano_3.jpeg,85_Sarabi_MastinTibetano,4.Resultados_ext_caracteristicas/Eigen_Perros/K_2/38_Gracie_Pug/38_Gracie_Pug_10.png,38_Gracie_Pug,2728.8167765535304
4.Resultados_ext_caracteristicas/Eigen_Perros_QUERY/K_1/85_Sarabi_MastinTibetano/85_Sarabi_MastinTibetano_3.jpeg,85_Sarabi_MastinTibetano,4.Resultados_ext_caracteristicas/Eigen_Perros/K_2/38_Gracie_Pug/38_Gracie_Pug_14.png,38_Gracie_Pug,3274.0705551346937
4.Resultados_ext_caracteristicas/Eigen_Perros_QUERY/K_1/85_Sarabi_MastinTibetano/85_Sarabi_MastinTibetano_3.jpeg,85_Sarabi_MastinTibetano,4.Resultados_ext_caracteristicas/Eigen_Perros/K_2/38_Gracie_Pug/38_Gracie_Pug_16.png,38_Gracie_Pug,4115.351746813388
4.Resultados_ext_caracteristicas/Eigen_Perros_QUERY/K_1/85_Sarabi_MastinTibetano/85_Sarabi_MastinTibetano_3.jpeg,85_Sarabi_MastinTibetano,4.Resultados_ext_caracteristicas/Eigen_Perros/K_2/35_Dulce_Boxer/35_Dulce_Boxer_2.jpeg,35_Dulce_Boxer,2902.174701839984
4.Resultados_ext_caracteristicas/Eigen_Perros_QUERY/K_1/85_Sarabi_MastinTibetano/85_Sarabi_MastinTibetano_3.jpeg,85_Sarabi_MastinTibetano,4.Resultados_ext_caracteristicas/Eigen_Perros/K_2/35_Dulce_Boxer/35_Dulce_Boxer_4.jpeg,35_Dulce_Boxer,3176.1517595983983
4.Resultados_ext_caracteristicas/Eigen_Perros_QUERY/K_1/85_Sarabi_MastinTibetano/85_Sarabi_MastinTibetano_3.jpeg,85_Sarabi_MastinTibetano,4.Resultados_ext_caracteristicas/Eigen_Perros/K_2/35_Dulce_Boxer/35_Dulce_Boxer_11.jpeg,35_Dulce_Boxer,4438.615887864144
4.Resultados_ext_caracteristicas/Eigen_Perros_QUERY/K_1/85_Sarabi_MastinTibetano/85_Sarabi_MastinTibetano_3.jpeg,85_Sarabi_MastinTibetano,4.Resultados_ext_caracteristicas/Eigen_Perros/K_2/35_Dulce_Boxer/35_Dulce_Boxer_12.jpeg,35_Dulce_Boxer,5474.35201644907
4.Resultados_ext_caracteristicas/Eigen_Perros_QUERY/K_1/85_Sarabi_MastinTibetano/85_Sarabi_MastinTibetano_3.jpeg,85_Sarabi_MastinTibetano,4.Resultados_ext_caracteristicas/Eigen_Perros/K_2/35_Dulce_Boxer/35_Dulce_Boxer_1.jpeg,35_Dulce_Boxer,2999.6891505621047
4.Resultados_ext_caracteristicas/Eigen_Perros_QUERY/K_1/85_Sarabi_MastinTibetano/85_Sarabi_MastinTibetano_3.jpeg,85_Sarabi_MastinTibetano,4.Resultados_ext_caracteristicas/Eigen_Perros/K_2/35_Dulce_Boxer/35_Dulce_Boxer_5.jpeg,35_Dulce_Boxer,3273.9230290280193
4.Resultados_ext_caracteristicas/Eigen_Perros_QUERY/K_1/85_Sarabi_MastinTibetano/85_Sarabi_MastinTibetano_3.jpeg,85_Sarabi_MastinTibetano,4.Resultados_ext_caracteristicas/Eigen_Perros/K_2/35_Dulce_Boxer/35_Dulce_Boxer_13.jpeg,35_Dulce_Boxer,3073.1153574182667
4.Resultados_ext_caracteristicas/Eigen_Perros_QUERY/K_1/85_Sarabi_MastinTibetano/85_Sarabi_MastinTibetano_3.jpeg,85_Sarabi_MastinTibetano,4.Resultados_ext_caracteristicas/Eigen_Perros/K_2/42_Landy_Husky/42_Landy_Husky_1.png,42_Landy_Husky,2797.717283786909
4.Resultados_ext_caracteristicas/Eigen_Perros_QUERY/K_1/85_Sarabi_MastinTibetano/85_Sarabi_MastinTibetano_3.jpeg,85_Sarabi_MastinTibetano,4.Resultados_ext_caracteristicas/Eigen_Perros/K_2/42_Landy_Husky/42_Landy_Husky_5.png,42_Landy_Husky,3351.0298417053823
4.Resultados_ext_caracteristicas/Eigen_Perros_QUERY/K_1/85_Sarabi_MastinTibetano/85_Sarabi_MastinTibetano_3.jpeg,85_Sarabi_MastinTibetano,4.Resultados_ext_caracteristicas/Eigen_Perros/K_2/42_Landy_Husky/42_Landy_Husky_3.png,42_Landy_Husky,3589.22470737066
4.Resultados_ext_caracteristicas/Eigen_Perros_QUERY/K_1/85_Sarabi_MastinTibetano/85_Sarabi_MastinTibetano_3.jpeg,85_Sarabi_MastinTibetano,4.Resultados_ext_caracteristicas/Eigen_Perros/K_2/42_Landy_Husky/42_Landy_Husky_2.png,42_Landy_Husky,3089.8163375838376
4.Resultados_ext_caracteristicas/Eigen_Perros_QUERY/K_1/85_Sarabi_MastinTibetano/85_Sarabi_MastinTibetano_3.jpeg,85_Sarabi_MastinTibetano,4.Resultados_ext_caracteristicas/Eigen_Perros/K_2/42_Landy_Husky/42_Landy_Husky_8.png,42_Landy_Husky,3391.486694651772
4.Resultados_ext_caracteristicas/Eigen_Perros_QUERY/K_1/85_Sarabi_MastinTibetano/85_Sarabi_MastinTibetano_3.jpeg,85_Sarabi_MastinTibetano,4.Resultados_ext_caracteristicas/Eigen_Perros/K_2/42_Landy_Husky/42_Landy_Husky_7.png,42_Landy_Husky,3314.0897694540504
4.Resultados_ext_caracteristicas/Eigen_Perros_QUERY/K_1/85_Sarabi_MastinTibetano/85_Sarabi_MastinTibetano_3.jpeg,85_Sarabi_MastinTibetano,4.Resultados_ext_caracteristicas/Eigen_Perros/K_2/42_Landy_Husky/42_Landy_Husky_6.png,42_Landy_Husky,3372.073694331131
4.Resultados_ext_caracteristicas/Eigen_Perros_QUERY/K_1/85_Sarabi_MastinTibetano/85_Sarabi_MastinTibetano_3.jpeg,85_Sarabi_MastinTibetano,4.Resultados_ext_caracteristicas/Eigen_Perros/K_2/60_Nala_Malamute/60_Nala_Malamute_5.jpeg,60_Nala_Malamute,3030.279855062895
4.Resultados_ext_caracteristicas/Eigen_Perros_QUERY/K_1/85_Sarabi_MastinTibetano/85_Sarabi_MastinTibetano_3.jpeg,85_Sarabi_MastinTibetano,4.Resultados_ext_caracteristicas/Eigen_Perros/K_2/60_Nala_Malamute/60_Nala_Malamute_7.jpeg,60_Nala_Malamute,2703.7608991920865
4.Resultados_ext_caracteristicas/Eigen_Perros_QUERY/K_1/85_Sarabi_MastinTibetano/85_Sarabi_MastinTibetano_3.jpeg,85_Sarabi_MastinTibetano,4.Resultados_ext_caracteristicas/Eigen_Perros/K_2/60_Nala_Malamute/60_Nala_Malamute_4.jpeg,60_Nala_Malamute,5262.984609515783
4.Resultados_ext_caracteristicas/Eigen_Perros_QUERY/K_1/85_Sarabi_MastinTibetano/85_Sarabi_MastinTibetano_3.jpeg,85_Sarabi_MastinTibetano,4.Resultados_ext_caracteristicas/Eigen_Perros/K_2/60_Nala_Malamute/60_Nala_Malamute_1.jpeg,60_Nala_Malamute,2403.343504370526
4.Resultados_ext_caracteristicas/Eigen_Perros_QUERY/K_1/85_Sarabi_MastinTibetano/85_Sarabi_MastinTibetano_3.jpeg,85_Sarabi_MastinTibetano,4.Resultados_ext_caracteristicas/Eigen_Perros/K_2/52_Meeshka_Husky/52_Meeshka_Husky_4.png,52_Meeshka_Husky,3492.707545730103
4.Resultados_ext_caracteristicas/Eigen_Perros_QUERY/K_1/85_Sarabi_MastinTibetano/85_Sarabi_MastinTibetano_3.jpeg,85_Sarabi_MastinTibetano,4.Resultados_ext_caracteristicas/Eigen_Perros/K_2/52_Meeshka_Husky/52_Meeshka_Husky_1.png,52_Meeshka_Husky,3792.643141662553
4.Resultados_ext_caracteristicas/Eigen_Perros_QUERY/K_1/85_Sarabi_MastinTibetano/85_Sarabi_MastinTibetano_3.jpeg,85_Sarabi_MastinTibetano,4.Resultados_ext_caracteristicas/Eigen_Perros/K_2/52_Meeshka_Husky/52_Meeshka_Husky_3.png,52_Meeshka_Husky,3091.628050073294
4.Resultados_ext_caracteristicas/Eigen_Perros_QUERY/K_1/85_Sarabi_MastinTibetano/85_Sarabi_MastinTibetano_3.jpeg,85_Sarabi_MastinTibetano,4.Resultados_ext_caracteristicas/Eigen_Perros/K_2/52_Meeshka_Husky/52_Meeshka_Husky_2.png,52_Meeshka_Husky,3810.6441712655355
4.Resultados_ext_caracteristicas/Eigen_Perros_QUERY/K_1/85_Sarabi_MastinTibetano/85_Sarabi_MastinTibetano_3.jpeg,85_Sarabi_MastinTibetano,4.Resultados_ext_caracteristicas/Eigen_Perros/K_2/52_Meeshka_Husky/52_Meeshka_Husky_9.png,52_Meeshka_Husky,2934.941225987328
4.Resultados_ext_caracteristicas/Eigen_Perros_QUERY/K_1/85_Sarabi_MastinTibetano/85_Sarabi_MastinTibetano_3.jpeg,85_Sarabi_MastinTibetano,4.Resultados_ext_caracteristicas/Eigen_Perros/K_2/52_Meeshka_Husky/52_Meeshka_Husky_7.png,52_Meeshka_Husky,4811.4519638046895
4.Resultados_ext_caracteristicas/Eigen_Perros_QUERY/K_1/85_Sarabi_MastinTibetano/85_Sarabi_MastinTibetano_3.jpeg,85_Sarabi_MastinTibetano,4.Resultados_ext_caracteristicas/Eigen_Perros/K_2/52_Meeshka_Husky/52_Meeshka_Husky_13.png,52_Meeshka_Husky,3260.2114962069563
4.Resultados_ext_caracteristicas/Eigen_Perros_QUERY/K_1/85_Sarabi_MastinTibetano/85_Sarabi_MastinTibetano_3.jpeg,85_Sarabi_MastinTibetano,4.Resultados_ext_caracteristicas/Eigen_Perros/K_2/52_Meeshka_Husky/52_Meeshka_Husky_11.png,52_Meeshka_Husky,3321.5826047232363
4.Resultados_ext_caracteristicas/Eigen_Perros_QUERY/K_1/85_Sarabi_MastinTibetano/85_Sarabi_MastinTibetano_3.jpeg,85_Sarabi_MastinTibetano,4.Resultados_ext_caracteristicas/Eigen_Perros/K_2/52_Meeshka_Husky/52_Meeshka_Husky_5.png,52_Meeshka_Husky,3944.8494267842466
4.Resultados_ext_caracteristicas/Eigen_Perros_QUERY/K_1/85_Sarabi_MastinTibetano/85_Sarabi_MastinTibetano_3.jpeg,85_Sarabi_MastinTibetano,4.Resultados_ext_caracteristicas/Eigen_Perros/K_2/52_Meeshka_Husky/52_Meeshka_Husky_8.png,52_Meeshka_Husky,4749.874103594747
4.Resultados_ext_caracteristicas/Eigen_Perros_QUERY/K_1/85_Sarabi_MastinTibetano/85_Sarabi_MastinTibetano_3.jpeg,85_Sarabi_MastinTibetano,4.Resultados_ext_caracteristicas/Eigen_Perros/K_2/52_Meeshka_Husky/52_Meeshka_Husky_12.png,52_Meeshka_Husky,3497.636630640753
4.Resultados_ext_caracteristicas/Eigen_Perros_QUERY/K_1/85_Sarabi_MastinTibetano/85_Sarabi_MastinTibetano_3.jpeg,85_Sarabi_MastinTibetano,4.Resultados_ext_caracteristicas/Eigen_Perros/K_2/52_Meeshka_Husky/52_Meeshka_Husky_6.png,52_Meeshka_Husky,2478.261689168438
4.Resultados_ext_caracteristicas/Eigen_Perros_QUERY/K_1/85_Sarabi_MastinTibetano/85_Sarabi_MastinTibetano_3.jpeg,85_Sarabi_MastinTibetano,4.Resultados_ext_caracteristicas/Eigen_Perros/K_2/61_Morgan_Pitbull/61_Morgan_Pitbull_2.jpg,61_Morgan_Pitbull,3644.782435207896
4.Resultados_ext_caracteristicas/Eigen_Perros_QUERY/K_1/85_Sarabi_MastinTibetano/85_Sarabi_MastinTibetano_3.jpeg,85_Sarabi_MastinTibetano,4.Resultados_ext_caracteristicas/Eigen_Perros/K_2/61_Morgan_Pitbull/61_Morgan_Pitbull_6.jpg,61_Morgan_Pitbull,1998.2232107549946
4.Resultados_ext_caracteristicas/Eigen_Perros_QUERY/K_1/85_Sarabi_MastinTibetano/85_Sarabi_MastinTibetano_3.jpeg,85_Sarabi_MastinTibetano,4.Resultados_ext_caracteristicas/Eigen_Perros/K_2/61_Morgan_Pitbull/61_Morgan_Pitbull_5.jpg,61_Morgan_Pitbull,2938.5782276468326
4.Resultados_ext_caracteristicas/Eigen_Perros_QUERY/K_1/85_Sarabi_MastinTibetano/85_Sarabi_MastinTibetano_3.jpeg,85_Sarabi_MastinTibetano,4.Resultados_ext_caracteristicas/Eigen_Perros/K_2/61_Morgan_Pitbull/61_Morgan_Pitbull_3.jpg,61_Morgan_Pitbull,4381.770646667851
4.Resultados_ext_caracteristicas/Eigen_Perros_QUERY/K_1/85_Sarabi_MastinTibetano/85_Sarabi_MastinTibetano_3.jpeg,85_Sarabi_MastinTibetano,4.Resultados_ext_caracteristicas/Eigen_Perros/K_2/61_Morgan_Pitbull/61_Morgan_Pitbull_4.jpg,61_Morgan_Pitbull,2978.6261933985606
4.Resultados_ext_caracteristicas/Eigen_Perros_QUERY/K_1/85_Sarabi_MastinTibetano/85_Sarabi_MastinTibetano_3.jpeg,85_Sarabi_MastinTibetano,4.Resultados_ext_caracteristicas/Eigen_Perros/K_2/51_Mardi_Pinscher/51_Mardi_Pinscher_4.jpeg,51_Mardi_Pinscher,5744.864924434691
4.Resultados_ext_caracteristicas/Eigen_Perros_QUERY/K_1/85_Sarabi_MastinTibetano/85_Sarabi_MastinTibetano_3.jpeg,85_Sarabi_MastinTibetano,4.Resultados_ext_caracteristicas/Eigen_Perros/K_2/51_Mardi_Pinscher/51_Mardi_Pinscher_10.jpeg,51_Mardi_Pinscher,4935.996353321181
4.Resultados_ext_caracteristicas/Eigen_Perros_QUERY/K_1/85_Sarabi_MastinTibetano/85_Sarabi_MastinTibetano_3.jpeg,85_Sarabi_MastinTibetano,4.Resultados_ext_caracteristicas/Eigen_Perros/K_2/51_Mardi_Pinscher/51_Mardi_Pinscher_8.jpeg,51_Mardi_Pinscher,4384.077211911304
4.Resultados_ext_caracteristicas/Eigen_Perros_QUERY/K_1/85_Sarabi_MastinTibetano/85_Sarabi_MastinTibetano_3.jpeg,85_Sarabi_MastinTibetano,4.Resultados_ext_caracteristicas/Eigen_Perros/K_2/51_Mardi_Pinscher/51_Mardi_Pinscher_1.jpeg,51_Mardi_Pinscher,3944.4013487473608
4.Resultados_ext_caracteristicas/Eigen_Perros_QUERY/K_1/85_Sarabi_MastinTibetano/85_Sarabi_MastinTibetano_3.jpeg,85_Sarabi_MastinTibetano,4.Resultados_ext_caracteristicas/Eigen_Perros/K_2/51_Mardi_Pinscher/51_Mardi_Pinscher_6.jpeg,51_Mardi_Pinscher,3986.7352558202306
4.Resultados_ext_caracteristicas/Eigen_Perros_QUERY/K_1/85_Sarabi_MastinTibetano/85_Sarabi_MastinTibetano_3.jpeg,85_Sarabi_MastinTibetano,4.Resultados_ext_caracteristicas/Eigen_Perros/K_2/51_Mardi_Pinscher/51_Mardi_Pinscher_7.jpeg,51_Mardi_Pinscher,4308.981434167476
4.Resultados_ext_caracteristicas/Eigen_Perros_QUERY/K_1/85_Sarabi_MastinTibetano/85_Sarabi_MastinTibetano_3.jpeg,85_Sarabi_MastinTibetano,4.Resultados_ext_caracteristicas/Eigen_Perros/K_2/51_Mardi_Pinscher/51_Mardi_Pinscher_3.jpeg,51_Mardi_Pinscher,5805.563194040696
4.Resultados_ext_caracteristicas/Eigen_Perros_QUERY/K_1/85_Sarabi_MastinTibetano/85_Sarabi_MastinTibetano_3.jpeg,85_Sarabi_MastinTibetano,4.Resultados_ext_caracteristicas/Eigen_Perros/K_2/51_Mardi_Pinscher/51_Mardi_Pinscher_2.jpeg,51_Mardi_Pinscher,4097.60613041322
4.Resultados_ext_caracteristicas/Eigen_Perros_QUERY/K_1/85_Sarabi_MastinTibetano/85_Sarabi_MastinTibetano_3.jpeg,85_Sarabi_MastinTibetano,4.Resultados_ext_caracteristicas/Eigen_Perros/K_2/51_Mardi_Pinscher/51_Mardi_Pinscher_9.jpeg,51_Mardi_Pinscher,4429.469494194536
4.Resultados_ext_caracteristicas/Eigen_Perros_QUERY/K_1/85_Sarabi_MastinTibetano/85_Sarabi_MastinTibetano_3.jpeg,85_Sarabi_MastinTibetano,4.Resultados_ext_caracteristicas/Eigen_Perros/K_2/57_Mickey_Beagle/57_Mickey_Beagle_16.jpeg,57_Mickey_Beagle,3402.2339719660667
4.Resultados_ext_caracteristicas/Eigen_Perros_QUERY/K_1/85_Sarabi_MastinTibetano/85_Sarabi_MastinTibetano_3.jpeg,85_Sarabi_MastinTibetano,4.Resultados_ext_caracteristicas/Eigen_Perros/K_2/57_Mickey_Beagle/57_Mickey_Beagle_15.jpeg,57_Mickey_Beagle,3238.483595758978
4.Resultados_ext_caracteristicas/Eigen_Perros_QUERY/K_1/85_Sarabi_MastinTibetano/85_Sarabi_MastinTibetano_3.jpeg,85_Sarabi_MastinTibetano,4.Resultados_ext_caracteristicas/Eigen_Perros/K_2/57_Mickey_Beagle/57_Mickey_Beagle_13.jpeg,57_Mickey_Beagle,1994.5041990429602
4.Resultados_ext_caracteristicas/Eigen_Perros_QUERY/K_1/85_Sarabi_MastinTibetano/85_Sarabi_MastinTibetano_3.jpeg,85_Sarabi_MastinTibetano,4.Resultados_ext_caracteristicas/Eigen_Perros/K_2/57_Mickey_Beagle/57_Mickey_Beagle_4.jpeg,57_Mickey_Beagle,1998.7408536376095
4.Resultados_ext_caracteristicas/Eigen_Perros_QUERY/K_1/85_Sarabi_MastinTibetano/85_Sarabi_MastinTibetano_3.jpeg,85_Sarabi_MastinTibetano,4.Resultados_ext_caracteristicas/Eigen_Perros/K_2/57_Mickey_Beagle/57_Mickey_Beagle_3.jpeg,57_Mickey_Beagle,3328.6621937348946
4.Resultados_ext_caracteristicas/Eigen_Perros_QUERY/K_1/85_Sarabi_MastinTibetano/85_Sarabi_MastinTibetano_3.jpeg,85_Sarabi_MastinTibetano,4.Resultados_ext_caracteristicas/Eigen_Perros/K_2/57_Mickey_Beagle/57_Mickey_Beagle_5.jpeg,57_Mickey_Beagle,5309.527191756343
4.Resultados_ext_caracteristicas/Eigen_Perros_QUERY/K_1/85_Sarabi_MastinTibetano/85_Sarabi_MastinTibetano_3.jpeg,85_Sarabi_MastinTibetano,4.Resultados_ext_caracteristicas/Eigen_Perros/K_2/64_Monty2_Pug/64_Monty2_Pug_5.png,64_Monty2_Pug,2615.4647770520633
4.Resultados_ext_caracteristicas/Eigen_Perros_QUERY/K_1/85_Sarabi_MastinTibetano/85_Sarabi_MastinTibetano_3.jpeg,85_Sarabi_MastinTibetano,4.Resultados_ext_caracteristicas/Eigen_Perros/K_2/64_Monty2_Pug/64_Monty2_Pug_3.png,64_Monty2_Pug,2965.205051931485
4.Resultados_ext_caracteristicas/Eigen_Perros_QUERY/K_1/85_Sarabi_MastinTibetano/85_Sarabi_MastinTibetano_3.jpeg,85_Sarabi_MastinTibetano,4.Resultados_ext_caracteristicas/Eigen_Perros/K_2/64_Monty2_Pug/64_Monty2_Pug_4.png,64_Monty2_Pug,3645.2619933277774
4.Resultados_ext_caracteristicas/Eigen_Perros_QUERY/K_1/85_Sarabi_MastinTibetano/85_Sarabi_MastinTibetano_3.jpeg,85_Sarabi_MastinTibetano,4.Resultados_ext_caracteristicas/Eigen_Perros/K_2/64_Monty2_Pug/64_Monty2_Pug_2.png,64_Monty2_Pug,3580.981569346595
4.Resultados_ext_caracteristicas/Eigen_Perros_QUERY/K_1/85_Sarabi_MastinTibetano/85_Sarabi_MastinTibetano_3.jpeg,85_Sarabi_MastinTibetano,4.Resultados_ext_caracteristicas/Eigen_Perros/K_2/64_Monty2_Pug/64_Monty2_Pug_8.png,64_Monty2_Pug,2422.5626926872296
4.Resultados_ext_caracteristicas/Eigen_Perros_QUERY/K_1/85_Sarabi_MastinTibetano/85_Sarabi_MastinTibetano_3.jpeg,85_Sarabi_MastinTibetano,4.Resultados_ext_caracteristicas/Eigen_Perros/K_2/64_Monty2_Pug/64_Monty2_Pug_7.png,64_Monty2_Pug,3892.496499677296
4.Resultados_ext_caracteristicas/Eigen_Perros_QUERY/K_1/85_Sarabi_MastinTibetano/85_Sarabi_MastinTibetano_3.jpeg,85_Sarabi_MastinTibetano,4.Resultados_ext_caracteristicas/Eigen_Perros/K_2/64_Monty2_Pug/64_Monty2_Pug_1.png,64_Monty2_Pug,4008.70639982526
4.Resultados_ext_caracteristicas/Eigen_Perros_QUERY/K_1/85_Sarabi_MastinTibetano/85_Sarabi_MastinTibetano_3.jpeg,85_Sarabi_MastinTibetano,4.Resultados_ext_caracteristicas/Eigen_Perros/K_2/64_Monty2_Pug/64_Monty2_Pug_9.png,64_Monty2_Pug,2956.912748120918
4.Resultados_ext_caracteristicas/Eigen_Perros_QUERY/K_1/85_Sarabi_MastinTibetano/85_Sarabi_MastinTibetano_3.jpeg,85_Sarabi_MastinTibetano,4.Resultados_ext_caracteristicas/Eigen_Perros/K_2/64_Monty2_Pug/64_Monty2_Pug_6.png,64_Monty2_Pug,3824.6389372070144
4.Resultados_ext_caracteristicas/Eigen_Perros_QUERY/K_1/85_Sarabi_MastinTibetano/85_Sarabi_MastinTibetano_3.jpeg,85_Sarabi_MastinTibetano,4.Resultados_ext_caracteristicas/Eigen_Perros/K_2/58_Nala2_Criollo/58_Nala2_Criollo_1.jpeg,58_Nala2_Criollo,2962.708389295173
4.Resultados_ext_caracteristicas/Eigen_Perros_QUERY/K_1/85_Sarabi_MastinTibetano/85_Sarabi_MastinTibetano_3.jpeg,85_Sarabi_MastinTibetano,4.Resultados_ext_caracteristicas/Eigen_Perros/K_2/58_Nala2_Criollo/58_Nala2_Criollo_2.jpeg,58_Nala2_Criollo,2743.4474662365965
4.Resultados_ext_caracteristicas/Eigen_Perros_QUERY/K_1/85_Sarabi_MastinTibetano/85_Sarabi_MastinTibetano_3.jpeg,85_Sarabi_MastinTibetano,4.Resultados_ext_caracteristicas/Eigen_Perros/K_2/58_Nala2_Criollo/58_Nala2_Criollo_6.jpeg,58_Nala2_Criollo,2962.708389295173
4.Resultados_ext_caracteristicas/Eigen_Perros_QUERY/K_1/85_Sarabi_MastinTibetano/85_Sarabi_MastinTibetano_3.jpeg,85_Sarabi_MastinTibetano,4.Resultados_ext_caracteristicas/Eigen_Perros/K_2/58_Nala2_Criollo/58_Nala2_Criollo_7.jpeg,58_Nala2_Criollo,2743.4474662365965
4.Resultados_ext_caracteristicas/Eigen_Perros_QUERY/K_1/85_Sarabi_MastinTibetano/85_Sarabi_MastinTibetano_3.jpeg,85_Sarabi_MastinTibetano,4.Resultados_ext_caracteristicas/Eigen_Perros/K_2/58_Nala2_Criollo/58_Nala2_Criollo_10.jpeg,58_Nala2_Criollo,5104.272915900951
4.Resultados_ext_caracteristicas/Eigen_Perros_QUERY/K_1/85_Sarabi_MastinTibetano/85_Sarabi_MastinTibetano_3.jpeg,85_Sarabi_MastinTibetano,4.Resultados_ext_caracteristicas/Eigen_Perros/K_2/58_Nala2_Criollo/58_Nala2_Criollo_4.jpeg,58_Nala2_Criollo,4110.779244863435
4.Resultados_ext_caracteristicas/Eigen_Perros_QUERY/K_1/85_Sarabi_MastinTibetano/85_Sarabi_MastinTibetano_3.jpeg,85_Sarabi_MastinTibetano,4.Resultados_ext_caracteristicas/Eigen_Perros/K_2/58_Nala2_Criollo/58_Nala2_Criollo_3.jpeg,58_Nala2_Criollo,2374.0421226254603
4.Resultados_ext_caracteristicas/Eigen_Perros_QUERY/K_1/85_Sarabi_MastinTibetano/85_Sarabi_MastinTibetano_3.jpeg,85_Sarabi_MastinTibetano,4.Resultados_ext_caracteristicas/Eigen_Perros/K_2/44_Koda_Husky/44_Koda_Husky_4.png,44_Koda_Husky,3231.3073205747546
4.Resultados_ext_caracteristicas/Eigen_Perros_QUERY/K_1/85_Sarabi_MastinTibetano/85_Sarabi_MastinTibetano_3.jpeg,85_Sarabi_MastinTibetano,4.Resultados_ext_caracteristicas/Eigen_Perros/K_2/44_Koda_Husky/44_Koda_Husky_2.png,44_Koda_Husky,3359.791957845009
4.Resultados_ext_caracteristicas/Eigen_Perros_QUERY/K_1/85_Sarabi_MastinTibetano/85_Sarabi_MastinTibetano_3.jpeg,85_Sarabi_MastinTibetano,4.Resultados_ext_caracteristicas/Eigen_Perros/K_2/44_Koda_Husky/44_Koda_Husky_3.png,44_Koda_Husky,3675.3718179253647
4.Resultados_ext_caracteristicas/Eigen_Perros_QUERY/K_1/85_Sarabi_MastinTibetano/85_Sarabi_MastinTibetano_3.jpeg,85_Sarabi_MastinTibetano,4.Resultados_ext_caracteristicas/Eigen_Perros/K_2/44_Koda_Husky/44_Koda_Husky_5.png,44_Koda_Husky,4394.055871287938
4.Resultados_ext_caracteristicas/Eigen_Perros_QUERY/K_1/85_Sarabi_MastinTibetano/85_Sarabi_MastinTibetano_3.jpeg,85_Sarabi_MastinTibetano,4.Resultados_ext_caracteristicas/Eigen_Perros/K_2/45_Lulu_Husky/45_Lulu_Husky_1.png,45_Lulu_Husky,4916.106081036088
4.Resultados_ext_caracteristicas/Eigen_Perros_QUERY/K_1/85_Sarabi_MastinTibetano/85_Sarabi_MastinTibetano_3.jpeg,85_Sarabi_MastinTibetano,4.Resultados_ext_caracteristicas/Eigen_Perros/K_2/45_Lulu_Husky/45_Lulu_Husky_6.png,45_Lulu_Husky,4593.829012925928
4.Resultados_ext_caracteristicas/Eigen_Perros_QUERY/K_1/85_Sarabi_MastinTibetano/85_Sarabi_MastinTibetano_3.jpeg,85_Sarabi_MastinTibetano,4.Resultados_ext_caracteristicas/Eigen_Perros/K_2/45_Lulu_Husky/45_Lulu_Husky_7.png,45_Lulu_Husky,3001.6968534480625
4.Resultados_ext_caracteristicas/Eigen_Perros_QUERY/K_1/85_Sarabi_MastinTibetano/85_Sarabi_MastinTibetano_3.jpeg,85_Sarabi_MastinTibetano,4.Resultados_ext_caracteristicas/Eigen_Perros/K_2/45_Lulu_Husky/45_Lulu_Husky_3.png,45_Lulu_Husky,5447.9449336424095
4.Resultados_ext_caracteristicas/Eigen_Perros_QUERY/K_1/85_Sarabi_MastinTibetano/85_Sarabi_MastinTibetano_3.jpeg,85_Sarabi_MastinTibetano,4.Resultados_ext_caracteristicas/Eigen_Perros/K_2/45_Lulu_Husky/45_Lulu_Husky_9.png,45_Lulu_Husky,3730.484284915298
4.Resultados_ext_caracteristicas/Eigen_Perros_QUERY/K_1/85_Sarabi_MastinTibetano/85_Sarabi_MastinTibetano_3.jpeg,85_Sarabi_MastinTibetano,4.Resultados_ext_caracteristicas/Eigen_Perros/K_2/45_Lulu_Husky/45_Lulu_Husky_5.png,45_Lulu_Husky,5733.316928271103
4.Resultados_ext_caracteristicas/Eigen_Perros_QUERY/K_1/85_Sarabi_MastinTibetano/85_Sarabi_MastinTibetano_3.jpeg,85_Sarabi_MastinTibetano,4.Resultados_ext_caracteristicas/Eigen_Perros/K_2/45_Lulu_Husky/45_Lulu_Husky_4.png,45_Lulu_Husky,4677.21113485376
4.Resultados_ext_caracteristicas/Eigen_Perros_QUERY/K_1/85_Sarabi_MastinTibetano/85_Sarabi_MastinTibetano_3.jpeg,85_Sarabi_MastinTibetano,4.Resultados_ext_caracteristicas/Eigen_Perros/K_2/45_Lulu_Husky/45_Lulu_Husky_8.png,45_Lulu_Husky,5435.481947352967
4.Resultados_ext_caracteristicas/Eigen_Perros_QUERY/K_1/85_Sarabi_MastinTibetano/85_Sarabi_MastinTibetano_3.jpeg,85_Sarabi_MastinTibetano,4.Resultados_ext_caracteristicas/Eigen_Perros/K_2/43_Luna_Labrador/43_Luna_Labrador_1.jpeg,43_Luna_Labrador,5518.208133080882
4.Resultados_ext_caracteristicas/Eigen_Perros_QUERY/K_1/85_Sarabi_MastinTibetano/85_Sarabi_MastinTibetano_3.jpeg,85_Sarabi_MastinTibetano,4.Resultados_ext_caracteristicas/Eigen_Perros/K_2/43_Luna_Labrador/43_Luna_Labrador_2.jpeg,43_Luna_Labrador,5603.576358005662
4.Resultados_ext_caracteristicas/Eigen_Perros_QUERY/K_1/85_Sarabi_MastinTibetano/85_Sarabi_MastinTibetano_3.jpeg,85_Sarabi_MastinTibetano,4.Resultados_ext_caracteristicas/Eigen_Perros/K_2/43_Luna_Labrador/43_Luna_Labrador_5.jpeg,43_Luna_Labrador,5651.297373170164
4.Resultados_ext_caracteristicas/Eigen_Perros_QUERY/K_1/85_Sarabi_MastinTibetano/85_Sarabi_MastinTibetano_3.jpeg,85_Sarabi_MastinTibetano,4.Resultados_ext_caracteristicas/Eigen_Perros/K_2/43_Luna_Labrador/43_Luna_Labrador_6.jpeg,43_Luna_Labrador,5427.697025442743
4.Resultados_ext_caracteristicas/Eigen_Perros_QUERY/K_1/85_Sarabi_MastinTibetano/85_Sarabi_MastinTibetano_3.jpeg,85_Sarabi_MastinTibetano,4.Resultados_ext_caracteristicas/Eigen_Perros/K_2/76_Princesa2_Husky/76_Princesa2_Husky_2.png,76_Princesa2_Husky,2155.049651400171
4.Resultados_ext_caracteristicas/Eigen_Perros_QUERY/K_1/85_Sarabi_MastinTibetano/85_Sarabi_MastinTibetano_3.jpeg,85_Sarabi_MastinTibetano,4.Resultados_ext_caracteristicas/Eigen_Perros/K_2/76_Princesa2_Husky/76_Princesa2_Husky_1.png,76_Princesa2_Husky,2938.3114198464395
4.Resultados_ext_caracteristicas/Eigen_Perros_QUERY/K_1/85_Sarabi_MastinTibetano/85_Sarabi_MastinTibetano_3.jpeg,85_Sarabi_MastinTibetano,4.Resultados_ext_caracteristicas/Eigen_Perros/K_2/76_Princesa2_Husky/76_Princesa2_Husky_6.png,76_Princesa2_Husky,2129.234134612725
4.Resultados_ext_caracteristicas/Eigen_Perros_QUERY/K_1/85_Sarabi_MastinTibetano/85_Sarabi_MastinTibetano_3.jpeg,85_Sarabi_MastinTibetano,4.Resultados_ext_caracteristicas/Eigen_Perros/K_2/76_Princesa2_Husky/76_Princesa2_Husky_3.png,76_Princesa2_Husky,3225.477174000771
4.Resultados_ext_caracteristicas/Eigen_Perros_QUERY/K_1/85_Sarabi_MastinTibetano/85_Sarabi_MastinTibetano_3.jpeg,85_Sarabi_MastinTibetano,4.Resultados_ext_caracteristicas/Eigen_Perros/K_2/76_Princesa2_Husky/76_Princesa2_Husky_5.png,76_Princesa2_Husky,3114.844779439258
4.Resultados_ext_caracteristicas/Eigen_Perros_QUERY/K_1/85_Sarabi_MastinTibetano/85_Sarabi_MastinTibetano_3.jpeg,85_Sarabi_MastinTibetano,4.Resultados_ext_caracteristicas/Eigen_Perros/K_2/77_Philly_BulldogFrances/77_Philly_BulldogFrances_2.jpeg,77_Philly_BulldogFrances,2941.9797755932996
4.Resultados_ext_caracteristicas/Eigen_Perros_QUERY/K_1/85_Sarabi_MastinTibetano/85_Sarabi_MastinTibetano_3.jpeg,85_Sarabi_MastinTibetano,4.Resultados_ext_caracteristicas/Eigen_Perros/K_2/77_Philly_BulldogFrances/77_Philly_BulldogFrances_4.jpeg,77_Philly_BulldogFrances,2195.7076308106234
4.Resultados_ext_caracteristicas/Eigen_Perros_QUERY/K_1/85_Sarabi_MastinTibetano/85_Sarabi_MastinTibetano_3.jpeg,85_Sarabi_MastinTibetano,4.Resultados_ext_caracteristicas/Eigen_Perros/K_2/77_Philly_BulldogFrances/77_Philly_BulldogFrances_1.jpeg,77_Philly_BulldogFrances,3093.2174188052154
4.Resultados_ext_caracteristicas/Eigen_Perros_QUERY/K_1/85_Sarabi_MastinTibetano/85_Sarabi_MastinTibetano_3.jpeg,85_Sarabi_MastinTibetano,4.Resultados_ext_caracteristicas/Eigen_Perros/K_2/72_Oreo_Chitzu/72_Oreo_Chitzu_4.jpeg,72_Oreo_Chitzu,4919.763205683786
4.Resultados_ext_caracteristicas/Eigen_Perros_QUERY/K_1/85_Sarabi_MastinTibetano/85_Sarabi_MastinTibetano_3.jpeg,85_Sarabi_MastinTibetano,4.Resultados_ext_caracteristicas/Eigen_Perros/K_2/72_Oreo_Chitzu/72_Oreo_Chitzu_2.jpeg,72_Oreo_Chitzu,2477.9295793060787
4.Resultados_ext_caracteristicas/Eigen_Perros_QUERY/K_1/85_Sarabi_MastinTibetano/85_Sarabi_MastinTibetano_3.jpeg,85_Sarabi_MastinTibetano,4.Resultados_ext_caracteristicas/Eigen_Perros/K_2/72_Oreo_Chitzu/72_Oreo_Chitzu_1.jpeg,72_Oreo_Chitzu,3628.007442109236
4.Resultados_ext_caracteristicas/Eigen_Perros_QUERY/K_1/85_Sarabi_MastinTibetano/85_Sarabi_MastinTibetano_3.jpeg,85_Sarabi_MastinTibetano,4.Resultados_ext_caracteristicas/Eigen_Perros/K_2/72_Oreo_Chitzu/72_Oreo_Chitzu_5.jpeg,72_Oreo_Chitzu,3328.7589278888913
4.Resultados_ext_caracteristicas/Eigen_Perros_QUERY/K_1/85_Sarabi_MastinTibetano/85_Sarabi_MastinTibetano_3.jpeg,85_Sarabi_MastinTibetano,4.Resultados_ext_caracteristicas/Eigen_Perros/K_2/68_Paimei_Mixto/68_Paimei_Mixto_5.jpg,68_Paimei_Mixto,5382.7929553346185
4.Resultados_ext_caracteristicas/Eigen_Perros_QUERY/K_1/85_Sarabi_MastinTibetano/85_Sarabi_MastinTibetano_3.jpeg,85_Sarabi_MastinTibetano,4.Resultados_ext_caracteristicas/Eigen_Perros/K_2/68_Paimei_Mixto/68_Paimei_Mixto_4.jpg,68_Paimei_Mixto,3193.190724025109
4.Resultados_ext_caracteristicas/Eigen_Perros_QUERY/K_1/85_Sarabi_MastinTibetano/85_Sarabi_MastinTibetano_3.jpeg,85_Sarabi_MastinTibetano,4.Resultados_ext_caracteristicas/Eigen_Perros/K_2/68_Paimei_Mixto/68_Paimei_Mixto_3.jpg,68_Paimei_Mixto,5697.196328019599
4.Resultados_ext_caracteristicas/Eigen_Perros_QUERY/K_1/85_Sarabi_MastinTibetano/85_Sarabi_MastinTibetano_3.jpeg,85_Sarabi_MastinTibetano,4.Resultados_ext_caracteristicas/Eigen_Perros/K_2/68_Paimei_Mixto/68_Paimei_Mixto_2.jpg,68_Paimei_Mixto,2194.4899179536005
4.Resultados_ext_caracteristicas/Eigen_Perros_QUERY/K_1/85_Sarabi_MastinTibetano/85_Sarabi_MastinTibetano_3.jpeg,85_Sarabi_MastinTibetano,4.Resultados_ext_caracteristicas/Eigen_Perros/K_2/68_Paimei_Mixto/68_Paimei_Mixto_8.jpg,68_Paimei_Mixto,5828.296063173181
4.Resultados_ext_caracteristicas/Eigen_Perros_QUERY/K_1/85_Sarabi_MastinTibetano/85_Sarabi_MastinTibetano_3.jpeg,85_Sarabi_MastinTibetano,4.Resultados_ext_caracteristicas/Eigen_Perros/K_2/68_Paimei_Mixto/68_Paimei_Mixto_6.jpg,68_Paimei_Mixto,3745.2451188139876
4.Resultados_ext_caracteristicas/Eigen_Perros_QUERY/K_1/85_Sarabi_MastinTibetano/85_Sarabi_MastinTibetano_3.jpeg,85_Sarabi_MastinTibetano,4.Resultados_ext_caracteristicas/Eigen_Perros/K_2/68_Paimei_Mixto/68_Paimei_Mixto_13.jpg,68_Paimei_Mixto,5740.448327439242
4.Resultados_ext_caracteristicas/Eigen_Perros_QUERY/K_1/85_Sarabi_MastinTibetano/85_Sarabi_MastinTibetano_3.jpeg,85_Sarabi_MastinTibetano,4.Resultados_ext_caracteristicas/Eigen_Perros/K_2/68_Paimei_Mixto/68_Paimei_Mixto_11.jpg,68_Paimei_Mixto,2178.9433218879285
4.Resultados_ext_caracteristicas/Eigen_Perros_QUERY/K_1/85_Sarabi_MastinTibetano/85_Sarabi_MastinTibetano_3.jpeg,85_Sarabi_MastinTibetano,4.Resultados_ext_caracteristicas/Eigen_Perros/K_2/68_Paimei_Mixto/68_Paimei_Mixto_12.jpg,68_Paimei_Mixto,5331.575283159753
4.Resultados_ext_caracteristicas/Eigen_Perros_QUERY/K_1/85_Sarabi_MastinTibetano/85_Sarabi_MastinTibetano_3.jpeg,85_Sarabi_MastinTibetano,4.Resultados_ext_caracteristicas/Eigen_Perros/K_2/68_Paimei_Mixto/68_Paimei_Mixto_17.jpg,68_Paimei_Mixto,5032.550844253837
4.Resultados_ext_caracteristicas/Eigen_Perros_QUERY/K_1/85_Sarabi_MastinTibetano/85_Sarabi_MastinTibetano_3.jpeg,85_Sarabi_MastinTibetano,4.Resultados_ext_caracteristicas/Eigen_Perros/K_2/68_Paimei_Mixto/68_Paimei_Mixto_16.jpg,68_Paimei_Mixto,4976.171620834635
4.Resultados_ext_caracteristicas/Eigen_Perros_QUERY/K_1/85_Sarabi_MastinTibetano/85_Sarabi_MastinTibetano_3.jpeg,85_Sarabi_MastinTibetano,4.Resultados_ext_caracteristicas/Eigen_Perros/K_2/68_Paimei_Mixto/68_Paimei_Mixto_14.jpg,68_Paimei_Mixto,5579.901791250451
4.Resultados_ext_caracteristicas/Eigen_Perros_QUERY/K_1/85_Sarabi_MastinTibetano/85_Sarabi_MastinTibetano_3.jpeg,85_Sarabi_MastinTibetano,4.Resultados_ext_caracteristicas/Eigen_Perros/K_2/68_Paimei_Mixto/68_Paimei_Mixto_19.jpg,68_Paimei_Mixto,5287.874431186883
4.Resultados_ext_caracteristicas/Eigen_Perros_QUERY/K_1/85_Sarabi_MastinTibetano/85_Sarabi_MastinTibetano_3.jpeg,85_Sarabi_MastinTibetano,4.Resultados_ext_caracteristicas/Eigen_Perros/K_2/68_Paimei_Mixto/68_Paimei_Mixto_15.jpg,68_Paimei_Mixto,5425.552414270827
4.Resultados_ext_caracteristicas/Eigen_Perros_QUERY/K_1/85_Sarabi_MastinTibetano/85_Sarabi_MastinTibetano_3.jpeg,85_Sarabi_MastinTibetano,4.Resultados_ext_caracteristicas/Eigen_Perros/K_2/68_Paimei_Mixto/68_Paimei_Mixto_21.jpg,68_Paimei_Mixto,5310.445461540868
4.Resultados_ext_caracteristicas/Eigen_Perros_QUERY/K_1/85_Sarabi_MastinTibetano/85_Sarabi_MastinTibetano_3.jpeg,85_Sarabi_MastinTibetano,4.Resultados_ext_caracteristicas/Eigen_Perros/K_2/68_Paimei_Mixto/68_Paimei_Mixto_18.jpg,68_Paimei_Mixto,4501.032992547377
4.Resultados_ext_caracteristicas/Eigen_Perros_QUERY/K_1/85_Sarabi_MastinTibetano/85_Sarabi_MastinTibetano_3.jpeg,85_Sarabi_MastinTibetano,4.Resultados_ext_caracteristicas/Eigen_Perros/K_2/68_Paimei_Mixto/68_Paimei_Mixto_1.jpg,68_Paimei_Mixto,3980.74879890706
4.Resultados_ext_caracteristicas/Eigen_Perros_QUERY/K_1/85_Sarabi_MastinTibetano/85_Sarabi_MastinTibetano_3.jpeg,85_Sarabi_MastinTibetano,4.Resultados_ext_caracteristicas/Eigen_Perros/K_2/68_Paimei_Mixto/68_Paimei_Mixto_7.jpg,68_Paimei_Mixto,3463.025844546933
4.Resultados_ext_caracteristicas/Eigen_Perros_QUERY/K_1/85_Sarabi_MastinTibetano/85_Sarabi_MastinTibetano_3.jpeg,85_Sarabi_MastinTibetano,4.Resultados_ext_caracteristicas/Eigen_Perros/K_2/68_Paimei_Mixto/68_Paimei_Mixto_10.jpg,68_Paimei_Mixto,3595.486058935565
4.Resultados_ext_caracteristicas/Eigen_Perros_QUERY/K_1/85_Sarabi_MastinTibetano/85_Sarabi_MastinTibetano_3.jpeg,85_Sarabi_MastinTibetano,4.Resultados_ext_caracteristicas/Eigen_Perros/K_2/68_Paimei_Mixto/68_Paimei_Mixto_9.jpg,68_Paimei_Mixto,3445.4909664661727
4.Resultados_ext_caracteristicas/Eigen_Perros_QUERY/K_1/85_Sarabi_MastinTibetano/85_Sarabi_MastinTibetano_3.jpeg,85_Sarabi_MastinTibetano,4.Resultados_ext_caracteristicas/Eigen_Perros/K_2/65_Nikita_Pug/65_Nikita_Pug_1.png,65_Nikita_Pug,2803.562198346953
4.Resultados_ext_caracteristicas/Eigen_Perros_QUERY/K_1/85_Sarabi_MastinTibetano/85_Sarabi_MastinTibetano_3.jpeg,85_Sarabi_MastinTibetano,4.Resultados_ext_caracteristicas/Eigen_Perros/K_2/65_Nikita_Pug/65_Nikita_Pug_7.png,65_Nikita_Pug,5046.833561749387
4.Resultados_ext_caracteristicas/Eigen_Perros_QUERY/K_1/85_Sarabi_MastinTibetano/85_Sarabi_MastinTibetano_3.jpeg,85_Sarabi_MastinTibetano,4.Resultados_ext_caracteristicas/Eigen_Perros/K_2/65_Nikita_Pug/65_Nikita_Pug_6.png,65_Nikita_Pug,3321.8722130750302
4.Resultados_ext_caracteristicas/Eigen_Perros_QUERY/K_1/85_Sarabi_MastinTibetano/85_Sarabi_MastinTibetano_3.jpeg,85_Sarabi_MastinTibetano,4.Resultados_ext_caracteristicas/Eigen_Perros/K_2/65_Nikita_Pug/65_Nikita_Pug_2.png,65_Nikita_Pug,5075.612475357038
4.Resultados_ext_caracteristicas/Eigen_Perros_QUERY/K_1/85_Sarabi_MastinTibetano/85_Sarabi_MastinTibetano_3.jpeg,85_Sarabi_MastinTibetano,4.Resultados_ext_caracteristicas/Eigen_Perros/K_2/65_Nikita_Pug/65_Nikita_Pug_4.png,65_Nikita_Pug,3252.891175554448
4.Resultados_ext_caracteristicas/Eigen_Perros_QUERY/K_1/85_Sarabi_MastinTibetano/85_Sarabi_MastinTibetano_3.jpeg,85_Sarabi_MastinTibetano,4.Resultados_ext_caracteristicas/Eigen_Perros/K_2/65_Nikita_Pug/65_Nikita_Pug_5.png,65_Nikita_Pug,8466.887562735199
4.Resultados_ext_caracteristicas/Eigen_Perros_QUERY/K_1/85_Sarabi_MastinTibetano/85_Sarabi_MastinTibetano_3.jpeg,85_Sarabi_MastinTibetano,4.Resultados_ext_caracteristicas/Eigen_Perros/K_2/67_Newton_Pug/67_Newton_Pug_5.png,67_Newton_Pug,5883.9922671601125
4.Resultados_ext_caracteristicas/Eigen_Perros_QUERY/K_1/85_Sarabi_MastinTibetano/85_Sarabi_MastinTibetano_3.jpeg,85_Sarabi_MastinTibetano,4.Resultados_ext_caracteristicas/Eigen_Perros/K_2/67_Newton_Pug/67_Newton_Pug_4.png,67_Newton_Pug,4279.139866842401
4.Resultados_ext_caracteristicas/Eigen_Perros_QUERY/K_1/85_Sarabi_MastinTibetano/85_Sarabi_MastinTibetano_3.jpeg,85_Sarabi_MastinTibetano,4.Resultados_ext_caracteristicas/Eigen_Perros/K_2/67_Newton_Pug/67_Newton_Pug_2.png,67_Newton_Pug,4975.741251311206
4.Resultados_ext_caracteristicas/Eigen_Perros_QUERY/K_1/85_Sarabi_MastinTibetano/85_Sarabi_MastinTibetano_3.jpeg,85_Sarabi_MastinTibetano,4.Resultados_ext_caracteristicas/Eigen_Perros/K_2/67_Newton_Pug/67_Newton_Pug_3.png,67_Newton_Pug,2370.733219913198
4.Resultados_ext_caracteristicas/Eigen_Perros_QUERY/K_1/85_Sarabi_MastinTibetano/85_Sarabi_MastinTibetano_3.jpeg,85_Sarabi_MastinTibetano,4.Resultados_ext_caracteristicas/Eigen_Perros/K_2/70_Oliver_Pug/70_Oliver_Pug_1.png,70_Oliver_Pug,3096.9244420876657
4.Resultados_ext_caracteristicas/Eigen_Perros_QUERY/K_1/85_Sarabi_MastinTibetano/85_Sarabi_MastinTibetano_3.jpeg,85_Sarabi_MastinTibetano,4.Resultados_ext_caracteristicas/Eigen_Perros/K_2/70_Oliver_Pug/70_Oliver_Pug_9.png,70_Oliver_Pug,3067.770037013857
4.Resultados_ext_caracteristicas/Eigen_Perros_QUERY/K_1/85_Sarabi_MastinTibetano/85_Sarabi_MastinTibetano_3.jpeg,85_Sarabi_MastinTibetano,4.Resultados_ext_caracteristicas/Eigen_Perros/K_2/70_Oliver_Pug/70_Oliver_Pug_3.png,70_Oliver_Pug,3512.204151241781
4.Resultados_ext_caracteristicas/Eigen_Perros_QUERY/K_1/85_Sarabi_MastinTibetano/85_Sarabi_MastinTibetano_3.jpeg,85_Sarabi_MastinTibetano,4.Resultados_ext_caracteristicas/Eigen_Perros/K_2/70_Oliver_Pug/70_Oliver_Pug_6.png,70_Oliver_Pug,3111.4782660336873
4.Resultados_ext_caracteristicas/Eigen_Perros_QUERY/K_1/85_Sarabi_MastinTibetano/85_Sarabi_MastinTibetano_3.jpeg,85_Sarabi_MastinTibetano,4.Resultados_ext_caracteristicas/Eigen_Perros/K_2/70_Oliver_Pug/70_Oliver_Pug_7.png,70_Oliver_Pug,3334.505360619473
4.Resultados_ext_caracteristicas/Eigen_Perros_QUERY/K_1/85_Sarabi_MastinTibetano/85_Sarabi_MastinTibetano_3.jpeg,85_Sarabi_MastinTibetano,4.Resultados_ext_caracteristicas/Eigen_Perros/K_2/70_Oliver_Pug/70_Oliver_Pug_2.png,70_Oliver_Pug,3177.025180888562
4.Resultados_ext_caracteristicas/Eigen_Perros_QUERY/K_1/85_Sarabi_MastinTibetano/85_Sarabi_MastinTibetano_3.jpeg,85_Sarabi_MastinTibetano,4.Resultados_ext_caracteristicas/Eigen_Perros/K_2/70_Oliver_Pug/70_Oliver_Pug_8.png,70_Oliver_Pug,3248.0129310087423
4.Resultados_ext_caracteristicas/Eigen_Perros_QUERY/K_1/85_Sarabi_MastinTibetano/85_Sarabi_MastinTibetano_3.jpeg,85_Sarabi_MastinTibetano,4.Resultados_ext_caracteristicas/Eigen_Perros/K_2/70_Oliver_Pug/70_Oliver_Pug_5.png,70_Oliver_Pug,3107.601325781671
4.Resultados_ext_caracteristicas/Eigen_Perros_QUERY/K_1/85_Sarabi_MastinTibetano/85_Sarabi_MastinTibetano_3.jpeg,85_Sarabi_MastinTibetano,4.Resultados_ext_caracteristicas/Eigen_Perros/K_2/66_Noodles_Pug/66_Noodles_Pug_1.png,66_Noodles_Pug,2571.174050895816
4.Resultados_ext_caracteristicas/Eigen_Perros_QUERY/K_1/85_Sarabi_MastinTibetano/85_Sarabi_MastinTibetano_3.jpeg,85_Sarabi_MastinTibetano,4.Resultados_ext_caracteristicas/Eigen_Perros/K_2/66_Noodles_Pug/66_Noodles_Pug_7.png,66_Noodles_Pug,4717.839229986541
4.Resultados_ext_caracteristicas/Eigen_Perros_QUERY/K_1/85_Sarabi_MastinTibetano/85_Sarabi_MastinTibetano_3.jpeg,85_Sarabi_MastinTibetano,4.Resultados_ext_caracteristicas/Eigen_Perros/K_2/66_Noodles_Pug/66_Noodles_Pug_8.png,66_Noodles_Pug,3013.7982679668526
4.Resultados_ext_caracteristicas/Eigen_Perros_QUERY/K_1/85_Sarabi_MastinTibetano/85_Sarabi_MastinTibetano_3.jpeg,85_Sarabi_MastinTibetano,4.Resultados_ext_caracteristicas/Eigen_Perros/K_2/66_Noodles_Pug/66_Noodles_Pug_10.png,66_Noodles_Pug,4186.351872454106
4.Resultados_ext_caracteristicas/Eigen_Perros_QUERY/K_1/85_Sarabi_MastinTibetano/85_Sarabi_MastinTibetano_3.jpeg,85_Sarabi_MastinTibetano,4.Resultados_ext_caracteristicas/Eigen_Perros/K_2/66_Noodles_Pug/66_Noodles_Pug_6.png,66_Noodles_Pug,1724.1919846699207
4.Resultados_ext_caracteristicas/Eigen_Perros_QUERY/K_1/85_Sarabi_MastinTibetano/85_Sarabi_MastinTibetano_3.jpeg,85_Sarabi_MastinTibetano,4.Resultados_ext_caracteristicas/Eigen_Perros/K_2/66_Noodles_Pug/66_Noodles_Pug_5.png,66_Noodles_Pug,3073.2762648352978
4.Resultados_ext_caracteristicas/Eigen_Perros_QUERY/K_1/85_Sarabi_MastinTibetano/85_Sarabi_MastinTibetano_3.jpeg,85_Sarabi_MastinTibetano,4.Resultados_ext_caracteristicas/Eigen_Perros/K_2/66_Noodles_Pug/66_Noodles_Pug_9.png,66_Noodles_Pug,2669.99007488792
4.Resultados_ext_caracteristicas/Eigen_Perros_QUERY/K_1/85_Sarabi_MastinTibetano/85_Sarabi_MastinTibetano_3.jpeg,85_Sarabi_MastinTibetano,4.Resultados_ext_caracteristicas/Eigen_Perros/K_2/66_Noodles_Pug/66_Noodles_Pug_3.png,66_Noodles_Pug,5007.640662028377
4.Resultados_ext_caracteristicas/Eigen_Perros_QUERY/K_1/85_Sarabi_MastinTibetano/85_Sarabi_MastinTibetano_3.jpeg,85_Sarabi_MastinTibetano,4.Resultados_ext_caracteristicas/Eigen_Perros/K_2/66_Noodles_Pug/66_Noodles_Pug_2.png,66_Noodles_Pug,2167.6240448933945
4.Resultados_ext_caracteristicas/Eigen_Perros_QUERY/K_1/85_Sarabi_MastinTibetano/85_Sarabi_MastinTibetano_3.jpeg,85_Sarabi_MastinTibetano,4.Resultados_ext_caracteristicas/Eigen_Perros/K_2/73_Orion_GranDanes/73_Orion_GranDanes_5.jpeg,73_Orion_GranDanes,1872.6248957012187
4.Resultados_ext_caracteristicas/Eigen_Perros_QUERY/K_1/85_Sarabi_MastinTibetano/85_Sarabi_MastinTibetano_3.jpeg,85_Sarabi_MastinTibetano,4.Resultados_ext_caracteristicas/Eigen_Perros/K_2/73_Orion_GranDanes/73_Orion_GranDanes_1.jpeg,73_Orion_GranDanes,2189.243705026921
4.Resultados_ext_caracteristicas/Eigen_Perros_QUERY/K_1/85_Sarabi_MastinTibetano/85_Sarabi_MastinTibetano_3.jpeg,85_Sarabi_MastinTibetano,4.Resultados_ext_caracteristicas/Eigen_Perros/K_2/73_Orion_GranDanes/73_Orion_GranDanes_3.jpeg,73_Orion_GranDanes,2608.213564875392
4.Resultados_ext_caracteristicas/Eigen_Perros_QUERY/K_1/85_Sarabi_MastinTibetano/85_Sarabi_MastinTibetano_3.jpeg,85_Sarabi_MastinTibetano,4.Resultados_ext_caracteristicas/Eigen_Perros/K_2/73_Orion_GranDanes/73_Orion_GranDanes_4.jpeg,73_Orion_GranDanes,1924.929609102629
4.Resultados_ext_caracteristicas/Eigen_Perros_QUERY/K_1/85_Sarabi_MastinTibetano/85_Sarabi_MastinTibetano_3.jpeg,85_Sarabi_MastinTibetano,4.Resultados_ext_caracteristicas/Eigen_Perros/K_2/73_Orion_GranDanes/73_Orion_GranDanes_6.jpeg,73_Orion_GranDanes,3138.879099296435
4.Resultados_ext_caracteristicas/Eigen_Perros_QUERY/K_1/85_Sarabi_MastinTibetano/85_Sarabi_MastinTibetano_3.jpeg,85_Sarabi_MastinTibetano,4.Resultados_ext_caracteristicas/Eigen_Perros/K_2/73_Orion_GranDanes/73_Orion_GranDanes_8.jpeg,73_Orion_GranDanes,4468.943723073719
4.Resultados_ext_caracteristicas/Eigen_Perros_QUERY/K_1/85_Sarabi_MastinTibetano/85_Sarabi_MastinTibetano_3.jpeg,85_Sarabi_MastinTibetano,4.Resultados_ext_caracteristicas/Eigen_Perros/K_2/73_Orion_GranDanes/73_Orion_GranDanes_10.jpeg,73_Orion_GranDanes,3410.6203248089637
4.Resultados_ext_caracteristicas/Eigen_Perros_QUERY/K_1/85_Sarabi_MastinTibetano/85_Sarabi_MastinTibetano_3.jpeg,85_Sarabi_MastinTibetano,4.Resultados_ext_caracteristicas/Eigen_Perros/K_2/73_Orion_GranDanes/73_Orion_GranDanes_2.jpeg,73_Orion_GranDanes,3434.463422428604
4.Resultados_ext_caracteristicas/Eigen_Perros_QUERY/K_1/85_Sarabi_MastinTibetano/85_Sarabi_MastinTibetano_3.jpeg,85_Sarabi_MastinTibetano,4.Resultados_ext_caracteristicas/Eigen_Perros/K_2/73_Orion_GranDanes/73_Orion_GranDanes_9.jpeg,73_Orion_GranDanes,3083.4338001650044
4.Resultados_ext_caracteristicas/Eigen_Perros_QUERY/K_1/85_Sarabi_MastinTibetano/85_Sarabi_MastinTibetano_3.jpeg,85_Sarabi_MastinTibetano,4.Resultados_ext_caracteristicas/Eigen_Perros/K_2/69_Peaches_Pug/69_Peaches_Pug_4.png,69_Peaches_Pug,2934.155244699912
4.Resultados_ext_caracteristicas/Eigen_Perros_QUERY/K_1/85_Sarabi_MastinTibetano/85_Sarabi_MastinTibetano_3.jpeg,85_Sarabi_MastinTibetano,4.Resultados_ext_caracteristicas/Eigen_Perros/K_2/69_Peaches_Pug/69_Peaches_Pug_2.png,69_Peaches_Pug,5004.776818200788
4.Resultados_ext_caracteristicas/Eigen_Perros_QUERY/K_1/85_Sarabi_MastinTibetano/85_Sarabi_MastinTibetano_3.jpeg,85_Sarabi_MastinTibetano,4.Resultados_ext_caracteristicas/Eigen_Perros/K_2/69_Peaches_Pug/69_Peaches_Pug_1.png,69_Peaches_Pug,2956.6807402896916
4.Resultados_ext_caracteristicas/Eigen_Perros_QUERY/K_1/85_Sarabi_MastinTibetano/85_Sarabi_MastinTibetano_3.jpeg,85_Sarabi_MastinTibetano,4.Resultados_ext_caracteristicas/Eigen_Perros/K_2/69_Peaches_Pug/69_Peaches_Pug_3.png,69_Peaches_Pug,4091.565592777415
4.Resultados_ext_caracteristicas/Eigen_Perros_QUERY/K_1/85_Sarabi_MastinTibetano/85_Sarabi_MastinTibetano_3.jpeg,85_Sarabi_MastinTibetano,4.Resultados_ext_caracteristicas/Eigen_Perros/K_2/69_Peaches_Pug/69_Peaches_Pug_9.png,69_Peaches_Pug,2878.4945718204854
4.Resultados_ext_caracteristicas/Eigen_Perros_QUERY/K_1/85_Sarabi_MastinTibetano/85_Sarabi_MastinTibetano_3.jpeg,85_Sarabi_MastinTibetano,4.Resultados_ext_caracteristicas/Eigen_Perros/K_2/69_Peaches_Pug/69_Peaches_Pug_16.png,69_Peaches_Pug,4327.383389532293
4.Resultados_ext_caracteristicas/Eigen_Perros_QUERY/K_1/85_Sarabi_MastinTibetano/85_Sarabi_MastinTibetano_3.jpeg,85_Sarabi_MastinTibetano,4.Resultados_ext_caracteristicas/Eigen_Perros/K_2/69_Peaches_Pug/69_Peaches_Pug_14.png,69_Peaches_Pug,2753.1843381800645
4.Resultados_ext_caracteristicas/Eigen_Perros_QUERY/K_1/85_Sarabi_MastinTibetano/85_Sarabi_MastinTibetano_3.jpeg,85_Sarabi_MastinTibetano,4.Resultados_ext_caracteristicas/Eigen_Perros/K_2/69_Peaches_Pug/69_Peaches_Pug_8.png,69_Peaches_Pug,2270.7188289173982
4.Resultados_ext_caracteristicas/Eigen_Perros_QUERY/K_1/85_Sarabi_MastinTibetano/85_Sarabi_MastinTibetano_3.jpeg,85_Sarabi_MastinTibetano,4.Resultados_ext_caracteristicas/Eigen_Perros/K_2/69_Peaches_Pug/69_Peaches_Pug_15.png,69_Peaches_Pug,3435.946012381452
4.Resultados_ext_caracteristicas/Eigen_Perros_QUERY/K_1/85_Sarabi_MastinTibetano/85_Sarabi_MastinTibetano_3.jpeg,85_Sarabi_MastinTibetano,4.Resultados_ext_caracteristicas/Eigen_Perros/K_2/69_Peaches_Pug/69_Peaches_Pug_12.png,69_Peaches_Pug,4666.1990956237605
4.Resultados_ext_caracteristicas/Eigen_Perros_QUERY/K_1/85_Sarabi_MastinTibetano/85_Sarabi_MastinTibetano_3.jpeg,85_Sarabi_MastinTibetano,4.Resultados_ext_caracteristicas/Eigen_Perros/K_2/69_Peaches_Pug/69_Peaches_Pug_7.png,69_Peaches_Pug,3457.817953565514
4.Resultados_ext_caracteristicas/Eigen_Perros_QUERY/K_1/85_Sarabi_MastinTibetano/85_Sarabi_MastinTibetano_3.jpeg,85_Sarabi_MastinTibetano,4.Resultados_ext_caracteristicas/Eigen_Perros/K_2/69_Peaches_Pug/69_Peaches_Pug_11.png,69_Peaches_Pug,3211.266883957171
4.Resultados_ext_caracteristicas/Eigen_Perros_QUERY/K_1/85_Sarabi_MastinTibetano/85_Sarabi_MastinTibetano_3.jpeg,85_Sarabi_MastinTibetano,4.Resultados_ext_caracteristicas/Eigen_Perros/K_2/69_Peaches_Pug/69_Peaches_Pug_10.png,69_Peaches_Pug,3630.6553127500274
4.Resultados_ext_caracteristicas/Eigen_Perros_QUERY/K_1/85_Sarabi_MastinTibetano/85_Sarabi_MastinTibetano_3.jpeg,85_Sarabi_MastinTibetano,4.Resultados_ext_caracteristicas/Eigen_Perros/K_2/69_Peaches_Pug/69_Peaches_Pug_6.png,69_Peaches_Pug,3676.6288907095313
4.Resultados_ext_caracteristicas/Eigen_Perros_QUERY/K_1/85_Sarabi_MastinTibetano/85_Sarabi_MastinTibetano_3.jpeg,85_Sarabi_MastinTibetano,4.Resultados_ext_caracteristicas/Eigen_Perros/K_2/69_Peaches_Pug/69_Peaches_Pug_5.png,69_Peaches_Pug,3344.1450327400576
4.Resultados_ext_caracteristicas/Eigen_Perros_QUERY/K_1/85_Sarabi_MastinTibetano/85_Sarabi_MastinTibetano_3.jpeg,85_Sarabi_MastinTibetano,4.Resultados_ext_caracteristicas/Eigen_Perros/K_2/85_Sarabi_MastinTibetano/85_Sarabi_MastinTibetano_6.jpeg,85_Sarabi_MastinTibetano,3899.9848717655304
4.Resultados_ext_caracteristicas/Eigen_Perros_QUERY/K_1/85_Sarabi_MastinTibetano/85_Sarabi_MastinTibetano_3.jpeg,85_Sarabi_MastinTibetano,4.Resultados_ext_caracteristicas/Eigen_Perros/K_2/85_Sarabi_MastinTibetano/85_Sarabi_MastinTibetano_5.jpeg,85_Sarabi_MastinTibetano,5461.290689937682
4.Resultados_ext_caracteristicas/Eigen_Perros_QUERY/K_1/85_Sarabi_MastinTibetano/85_Sarabi_MastinTibetano_3.jpeg,85_Sarabi_MastinTibetano,4.Resultados_ext_caracteristicas/Eigen_Perros/K_2/85_Sarabi_MastinTibetano/85_Sarabi_MastinTibetano_9.jpeg,85_Sarabi_MastinTibetano,3629.3653715215833
4.Resultados_ext_caracteristicas/Eigen_Perros_QUERY/K_1/85_Sarabi_MastinTibetano/85_Sarabi_MastinTibetano_3.jpeg,85_Sarabi_MastinTibetano,4.Resultados_ext_caracteristicas/Eigen_Perros/K_2/85_Sarabi_MastinTibetano/85_Sarabi_MastinTibetano_2.jpeg,85_Sarabi_MastinTibetano,1663.5453104739888
4.Resultados_ext_caracteristicas/Eigen_Perros_QUERY/K_1/85_Sarabi_MastinTibetano/85_Sarabi_MastinTibetano_3.jpeg,85_Sarabi_MastinTibetano,4.Resultados_ext_caracteristicas/Eigen_Perros/K_2/85_Sarabi_MastinTibetano/85_Sarabi_MastinTibetano_4.jpeg,85_Sarabi_MastinTibetano,2376.685086417635
4.Resultados_ext_caracteristicas/Eigen_Perros_QUERY/K_1/85_Sarabi_MastinTibetano/85_Sarabi_MastinTibetano_3.jpeg,85_Sarabi_MastinTibetano,4.Resultados_ext_caracteristicas/Eigen_Perros/K_2/85_Sarabi_MastinTibetano/85_Sarabi_MastinTibetano_8.jpeg,85_Sarabi_MastinTibetano,2977.49575986264
4.Resultados_ext_caracteristicas/Eigen_Perros_QUERY/K_1/85_Sarabi_MastinTibetano/85_Sarabi_MastinTibetano_3.jpeg,85_Sarabi_MastinTibetano,4.Resultados_ext_caracteristicas/Eigen_Perros/K_2/84_Purcy_Pug/84_Purcy_Pug_5.png,84_Purcy_Pug,3909.0702219325763
4.Resultados_ext_caracteristicas/Eigen_Perros_QUERY/K_1/85_Sarabi_MastinTibetano/85_Sarabi_MastinTibetano_3.jpeg,85_Sarabi_MastinTibetano,4.Resultados_ext_caracteristicas/Eigen_Perros/K_2/84_Purcy_Pug/84_Purcy_Pug_3.png,84_Purcy_Pug,4174.671723620912
4.Resultados_ext_caracteristicas/Eigen_Perros_QUERY/K_1/85_Sarabi_MastinTibetano/85_Sarabi_MastinTibetano_3.jpeg,85_Sarabi_MastinTibetano,4.Resultados_ext_caracteristicas/Eigen_Perros/K_2/84_Purcy_Pug/84_Purcy_Pug_1.png,84_Purcy_Pug,6167.49041345019
4.Resultados_ext_caracteristicas/Eigen_Perros_QUERY/K_1/85_Sarabi_MastinTibetano/85_Sarabi_MastinTibetano_3.jpeg,85_Sarabi_MastinTibetano,4.Resultados_ext_caracteristicas/Eigen_Perros/K_2/84_Purcy_Pug/84_Purcy_Pug_4.png,84_Purcy_Pug,2967.7523481584512
4.Resultados_ext_caracteristicas/Eigen_Perros_QUERY/K_1/85_Sarabi_MastinTibetano/85_Sarabi_MastinTibetano_3.jpeg,85_Sarabi_MastinTibetano,4.Resultados_ext_caracteristicas/Eigen_Perros/K_2/84_Purcy_Pug/84_Purcy_Pug_8.png,84_Purcy_Pug,4696.161411195318
4.Resultados_ext_caracteristicas/Eigen_Perros_QUERY/K_1/85_Sarabi_MastinTibetano/85_Sarabi_MastinTibetano_3.jpeg,85_Sarabi_MastinTibetano,4.Resultados_ext_caracteristicas/Eigen_Perros/K_2/84_Purcy_Pug/84_Purcy_Pug_12.png,84_Purcy_Pug,3107.670027528663
4.Resultados_ext_caracteristicas/Eigen_Perros_QUERY/K_1/85_Sarabi_MastinTibetano/85_Sarabi_MastinTibetano_3.jpeg,85_Sarabi_MastinTibetano,4.Resultados_ext_caracteristicas/Eigen_Perros/K_2/84_Purcy_Pug/84_Purcy_Pug_9.png,84_Purcy_Pug,4454.531063984176
4.Resultados_ext_caracteristicas/Eigen_Perros_QUERY/K_1/85_Sarabi_MastinTibetano/85_Sarabi_MastinTibetano_3.jpeg,85_Sarabi_MastinTibetano,4.Resultados_ext_caracteristicas/Eigen_Perros/K_2/84_Purcy_Pug/84_Purcy_Pug_13.png,84_Purcy_Pug,6663.346306473948
4.Resultados_ext_caracteristicas/Eigen_Perros_QUERY/K_1/85_Sarabi_MastinTibetano/85_Sarabi_MastinTibetano_3.jpeg,85_Sarabi_MastinTibetano,4.Resultados_ext_caracteristicas/Eigen_Perros/K_2/84_Purcy_Pug/84_Purcy_Pug_10.png,84_Purcy_Pug,4233.566345293292
4.Resultados_ext_caracteristicas/Eigen_Perros_QUERY/K_1/85_Sarabi_MastinTibetano/85_Sarabi_MastinTibetano_3.jpeg,85_Sarabi_MastinTibetano,4.Resultados_ext_caracteristicas/Eigen_Perros/K_2/84_Purcy_Pug/84_Purcy_Pug_6.png,84_Purcy_Pug,5090.548202305917
4.Resultados_ext_caracteristicas/Eigen_Perros_QUERY/K_1/85_Sarabi_MastinTibetano/85_Sarabi_MastinTibetano_3.jpeg,85_Sarabi_MastinTibetano,4.Resultados_ext_caracteristicas/Eigen_Perros/K_2/84_Purcy_Pug/84_Purcy_Pug_7.png,84_Purcy_Pug,4665.64754348204
4.Resultados_ext_caracteristicas/Eigen_Perros_QUERY/K_1/85_Sarabi_MastinTibetano/85_Sarabi_MastinTibetano_3.jpeg,85_Sarabi_MastinTibetano,4.Resultados_ext_caracteristicas/Eigen_Perros/K_2/84_Purcy_Pug/84_Purcy_Pug_2.png,84_Purcy_Pug,2360.3010401217894
4.Resultados_ext_caracteristicas/Eigen_Perros_QUERY/K_1/85_Sarabi_MastinTibetano/85_Sarabi_MastinTibetano_3.jpeg,85_Sarabi_MastinTibetano,4.Resultados_ext_caracteristicas/Eigen_Perros/K_2/86_Skye_Husky/86_Skye_Husky_6.png,86_Skye_Husky,5803.686242380785
4.Resultados_ext_caracteristicas/Eigen_Perros_QUERY/K_1/85_Sarabi_MastinTibetano/85_Sarabi_MastinTibetano_3.jpeg,85_Sarabi_MastinTibetano,4.Resultados_ext_caracteristicas/Eigen_Perros/K_2/86_Skye_Husky/86_Skye_Husky_5.png,86_Skye_Husky,4728.800059211639
4.Resultados_ext_caracteristicas/Eigen_Perros_QUERY/K_1/85_Sarabi_MastinTibetano/85_Sarabi_MastinTibetano_3.jpeg,85_Sarabi_MastinTibetano,4.Resultados_ext_caracteristicas/Eigen_Perros/K_2/86_Skye_Husky/86_Skye_Husky_1.png,86_Skye_Husky,5459.00146546967
4.Resultados_ext_caracteristicas/Eigen_Perros_QUERY/K_1/85_Sarabi_MastinTibetano/85_Sarabi_MastinTibetano_3.jpeg,85_Sarabi_MastinTibetano,4.Resultados_ext_caracteristicas/Eigen_Perros/K_2/86_Skye_Husky/86_Skye_Husky_4.png,86_Skye_Husky,4882.243746475589
4.Resultados_ext_caracteristicas/Eigen_Perros_QUERY/K_1/85_Sarabi_MastinTibetano/85_Sarabi_MastinTibetano_3.jpeg,85_Sarabi_MastinTibetano,4.Resultados_ext_caracteristicas/Eigen_Perros/K_2/86_Skye_Husky/86_Skye_Husky_2.png,86_Skye_Husky,3374.511520205554
4.Resultados_ext_caracteristicas/Eigen_Perros_QUERY/K_1/85_Sarabi_MastinTibetano/85_Sarabi_MastinTibetano_3.jpeg,85_Sarabi_MastinTibetano,4.Resultados_ext_caracteristicas/Eigen_Perros/K_2/87_Skipper_Husky/87_Skipper_Husky_2.png,87_Skipper_Husky,5512.594126180523
4.Resultados_ext_caracteristicas/Eigen_Perros_QUERY/K_1/85_Sarabi_MastinTibetano/85_Sarabi_MastinTibetano_3.jpeg,85_Sarabi_MastinTibetano,4.Resultados_ext_caracteristicas/Eigen_Perros/K_2/87_Skipper_Husky/87_Skipper_Husky_3.png,87_Skipper_Husky,5293.068958553251
4.Resultados_ext_caracteristicas/Eigen_Perros_QUERY/K_1/85_Sarabi_MastinTibetano/85_Sarabi_MastinTibetano_3.jpeg,85_Sarabi_MastinTibetano,4.Resultados_ext_caracteristicas/Eigen_Perros/K_2/87_Skipper_Husky/87_Skipper_Husky_1.png,87_Skipper_Husky,5473.310515583781
4.Resultados_ext_caracteristicas/Eigen_Perros_QUERY/K_1/85_Sarabi_MastinTibetano/85_Sarabi_MastinTibetano_3.jpeg,85_Sarabi_MastinTibetano,4.Resultados_ext_caracteristicas/Eigen_Perros/K_2/87_Skipper_Husky/87_Skipper_Husky_8.png,87_Skipper_Husky,4332.180513321207
4.Resultados_ext_caracteristicas/Eigen_Perros_QUERY/K_1/85_Sarabi_MastinTibetano/85_Sarabi_MastinTibetano_3.jpeg,85_Sarabi_MastinTibetano,4.Resultados_ext_caracteristicas/Eigen_Perros/K_2/87_Skipper_Husky/87_Skipper_Husky_5.png,87_Skipper_Husky,5213.872361306901
4.Resultados_ext_caracteristicas/Eigen_Perros_QUERY/K_1/85_Sarabi_MastinTibetano/85_Sarabi_MastinTibetano_3.jpeg,85_Sarabi_MastinTibetano,4.Resultados_ext_caracteristicas/Eigen_Perros/K_2/87_Skipper_Husky/87_Skipper_Husky_6.png,87_Skipper_Husky,3819.321405694996
4.Resultados_ext_caracteristicas/Eigen_Perros_QUERY/K_1/85_Sarabi_MastinTibetano/85_Sarabi_MastinTibetano_3.jpeg,85_Sarabi_MastinTibetano,4.Resultados_ext_caracteristicas/Eigen_Perros/K_2/87_Skipper_Husky/87_Skipper_Husky_7.png,87_Skipper_Husky,3640.6015986372363
4.Resultados_ext_caracteristicas/Eigen_Perros_QUERY/K_1/85_Sarabi_MastinTibetano/85_Sarabi_MastinTibetano_3.jpeg,85_Sarabi_MastinTibetano,4.Resultados_ext_caracteristicas/Eigen_Perros/K_2/83_Roscoe_Pug/83_Roscoe_Pug_4.png,83_Roscoe_Pug,4068.534502741743
4.Resultados_ext_caracteristicas/Eigen_Perros_QUERY/K_1/85_Sarabi_MastinTibetano/85_Sarabi_MastinTibetano_3.jpeg,85_Sarabi_MastinTibetano,4.Resultados_ext_caracteristicas/Eigen_Perros/K_2/83_Roscoe_Pug/83_Roscoe_Pug_2.png,83_Roscoe_Pug,4417.753501498244
4.Resultados_ext_caracteristicas/Eigen_Perros_QUERY/K_1/85_Sarabi_MastinTibetano/85_Sarabi_MastinTibetano_3.jpeg,85_Sarabi_MastinTibetano,4.Resultados_ext_caracteristicas/Eigen_Perros/K_2/83_Roscoe_Pug/83_Roscoe_Pug_3.png,83_Roscoe_Pug,2189.5120460961157
4.Resultados_ext_caracteristicas/Eigen_Perros_QUERY/K_1/85_Sarabi_MastinTibetano/85_Sarabi_MastinTibetano_3.jpeg,85_Sarabi_MastinTibetano,4.Resultados_ext_caracteristicas/Eigen_Perros/K_2/83_Roscoe_Pug/83_Roscoe_Pug_8.png,83_Roscoe_Pug,2237.1486316291102
4.Resultados_ext_caracteristicas/Eigen_Perros_QUERY/K_1/85_Sarabi_MastinTibetano/85_Sarabi_MastinTibetano_3.jpeg,85_Sarabi_MastinTibetano,4.Resultados_ext_caracteristicas/Eigen_Perros/K_2/83_Roscoe_Pug/83_Roscoe_Pug_9.png,83_Roscoe_Pug,1881.832351725307
4.Resultados_ext_caracteristicas/Eigen_Perros_QUERY/K_1/85_Sarabi_MastinTibetano/85_Sarabi_MastinTibetano_3.jpeg,85_Sarabi_MastinTibetano,4.Resultados_ext_caracteristicas/Eigen_Perros/K_2/83_Roscoe_Pug/83_Roscoe_Pug_10.png,83_Roscoe_Pug,2654.7677864551542
4.Resultados_ext_caracteristicas/Eigen_Perros_QUERY/K_1/85_Sarabi_MastinTibetano/85_Sarabi_MastinTibetano_3.jpeg,85_Sarabi_MastinTibetano,4.Resultados_ext_caracteristicas/Eigen_Perros/K_2/83_Roscoe_Pug/83_Roscoe_Pug_6.png,83_Roscoe_Pug,4283.204991592161
4.Resultados_ext_caracteristicas/Eigen_Perros_QUERY/K_1/85_Sarabi_MastinTibetano/85_Sarabi_MastinTibetano_3.jpeg,85_Sarabi_MastinTibetano,4.Resultados_ext_caracteristicas/Eigen_Perros/K_2/83_Roscoe_Pug/83_Roscoe_Pug_5.png,83_Roscoe_Pug,2767.307355535341
4.Resultados_ext_caracteristicas/Eigen_Perros_QUERY/K_1/85_Sarabi_MastinTibetano/85_Sarabi_MastinTibetano_3.jpeg,85_Sarabi_MastinTibetano,4.Resultados_ext_caracteristicas/Eigen_Perros/K_2/83_Roscoe_Pug/83_Roscoe_Pug_7.png,83_Roscoe_Pug,2289.7781551932057
4.Resultados_ext_caracteristicas/Eigen_Perros_QUERY/K_1/85_Sarabi_MastinTibetano/85_Sarabi_MastinTibetano_3.jpeg,85_Sarabi_MastinTibetano,4.Resultados_ext_caracteristicas/Eigen_Perros/K_2/88_Wilco_Pug/88_Wilco_Pug_3.png,88_Wilco_Pug,1945.0892010393766
4.Resultados_ext_caracteristicas/Eigen_Perros_QUERY/K_1/85_Sarabi_MastinTibetano/85_Sarabi_MastinTibetano_3.jpeg,85_Sarabi_MastinTibetano,4.Resultados_ext_caracteristicas/Eigen_Perros/K_2/88_Wilco_Pug/88_Wilco_Pug_1.png,88_Wilco_Pug,6469.793582487775
4.Resultados_ext_caracteristicas/Eigen_Perros_QUERY/K_1/85_Sarabi_MastinTibetano/85_Sarabi_MastinTibetano_3.jpeg,85_Sarabi_MastinTibetano,4.Resultados_ext_caracteristicas/Eigen_Perros/K_2/88_Wilco_Pug/88_Wilco_Pug_5.png,88_Wilco_Pug,3559.9167125088757
4.Resultados_ext_caracteristicas/Eigen_Perros_QUERY/K_1/85_Sarabi_MastinTibetano/85_Sarabi_MastinTibetano_3.jpeg,85_Sarabi_MastinTibetano,4.Resultados_ext_caracteristicas/Eigen_Perros/K_2/88_Wilco_Pug/88_Wilco_Pug_2.png,88_Wilco_Pug,2874.4662113164595
4.Resultados_ext_caracteristicas/Eigen_Perros_QUERY/K_1/85_Sarabi_MastinTibetano/85_Sarabi_MastinTibetano_3.jpeg,85_Sarabi_MastinTibetano,4.Resultados_ext_caracteristicas/Eigen_Perros/K_2/81_Rico_Pug/81_Rico_Pug_1.png,81_Rico_Pug,4004.863418395189
4.Resultados_ext_caracteristicas/Eigen_Perros_QUERY/K_1/85_Sarabi_MastinTibetano/85_Sarabi_MastinTibetano_3.jpeg,85_Sarabi_MastinTibetano,4.Resultados_ext_caracteristicas/Eigen_Perros/K_2/81_Rico_Pug/81_Rico_Pug_2.png,81_Rico_Pug,2789.0017927566846
4.Resultados_ext_caracteristicas/Eigen_Perros_QUERY/K_1/85_Sarabi_MastinTibetano/85_Sarabi_MastinTibetano_3.jpeg,85_Sarabi_MastinTibetano,4.Resultados_ext_caracteristicas/Eigen_Perros/K_2/81_Rico_Pug/81_Rico_Pug_4.png,81_Rico_Pug,1967.1420894282141
4.Resultados_ext_caracteristicas/Eigen_Perros_QUERY/K_1/85_Sarabi_MastinTibetano/85_Sarabi_MastinTibetano_3.jpeg,85_Sarabi_MastinTibetano,4.Resultados_ext_caracteristicas/Eigen_Perros/K_2/81_Rico_Pug/81_Rico_Pug_6.png,81_Rico_Pug,2968.8418617366606
4.Resultados_ext_caracteristicas/Eigen_Perros_QUERY/K_1/85_Sarabi_MastinTibetano/85_Sarabi_MastinTibetano_3.jpeg,85_Sarabi_MastinTibetano,4.Resultados_ext_caracteristicas/Eigen_Perros/K_2/81_Rico_Pug/81_Rico_Pug_5.png,81_Rico_Pug,3821.438603458127
4.Resultados_ext_caracteristicas/Eigen_Perros_QUERY/K_1/85_Sarabi_MastinTibetano/85_Sarabi_MastinTibetano_3.jpeg,85_Sarabi_MastinTibetano,4.Resultados_ext_caracteristicas/Eigen_Perros/K_2/78_Rave_Husky/78_Rave_Husky_2.png,78_Rave_Husky,3174.642972052133
4.Resultados_ext_caracteristicas/Eigen_Perros_QUERY/K_1/85_Sarabi_MastinTibetano/85_Sarabi_MastinTibetano_3.jpeg,85_Sarabi_MastinTibetano,4.Resultados_ext_caracteristicas/Eigen_Perros/K_2/78_Rave_Husky/78_Rave_Husky_6.png,78_Rave_Husky,2578.635491883256
4.Resultados_ext_caracteristicas/Eigen_Perros_QUERY/K_1/85_Sarabi_MastinTibetano/85_Sarabi_MastinTibetano_3.jpeg,85_Sarabi_MastinTibetano,4.Resultados_ext_caracteristicas/Eigen_Perros/K_2/78_Rave_Husky/78_Rave_Husky_7.png,78_Rave_Husky,3411.628789889076
4.Resultados_ext_caracteristicas/Eigen_Perros_QUERY/K_1/85_Sarabi_MastinTibetano/85_Sarabi_MastinTibetano_3.jpeg,85_Sarabi_MastinTibetano,4.Resultados_ext_caracteristicas/Eigen_Perros/K_2/78_Rave_Husky/78_Rave_Husky_5.png,78_Rave_Husky,2498.636027916031
4.Resultados_ext_caracteristicas/Eigen_Perros_QUERY/K_1/85_Sarabi_MastinTibetano/85_Sarabi_MastinTibetano_3.jpeg,85_Sarabi_MastinTibetano,4.Resultados_ext_caracteristicas/Eigen_Perros/K_2/78_Rave_Husky/78_Rave_Husky_1.png,78_Rave_Husky,3270.6092704571115
4.Resultados_ext_caracteristicas/Eigen_Perros_QUERY/K_1/85_Sarabi_MastinTibetano/85_Sarabi_MastinTibetano_3.jpeg,85_Sarabi_MastinTibetano,4.Resultados_ext_caracteristicas/Eigen_Perros/K_2/78_Rave_Husky/78_Rave_Husky_3.png,78_Rave_Husky,2308.584414744239
4.Resultados_ext_caracteristicas/Eigen_Perros_QUERY/K_1/85_Sarabi_MastinTibetano/85_Sarabi_MastinTibetano_3.jpeg,85_Sarabi_MastinTibetano,4.Resultados_ext_caracteristicas/Eigen_Perros/K_2/82_Ridley_Pug/82_Ridley_Pug_5.png,82_Ridley_Pug,2992.148224938063
4.Resultados_ext_caracteristicas/Eigen_Perros_QUERY/K_1/85_Sarabi_MastinTibetano/85_Sarabi_MastinTibetano_3.jpeg,85_Sarabi_MastinTibetano,4.Resultados_ext_caracteristicas/Eigen_Perros/K_2/82_Ridley_Pug/82_Ridley_Pug_6.png,82_Ridley_Pug,3153.59445712349
4.Resultados_ext_caracteristicas/Eigen_Perros_QUERY/K_1/85_Sarabi_MastinTibetano/85_Sarabi_MastinTibetano_3.jpeg,85_Sarabi_MastinTibetano,4.Resultados_ext_caracteristicas/Eigen_Perros/K_2/82_Ridley_Pug/82_Ridley_Pug_2.png,82_Ridley_Pug,4886.0970109075815
4.Resultados_ext_caracteristicas/Eigen_Perros_QUERY/K_1/85_Sarabi_MastinTibetano/85_Sarabi_MastinTibetano_3.jpeg,85_Sarabi_MastinTibetano,4.Resultados_ext_caracteristicas/Eigen_Perros/K_2/82_Ridley_Pug/82_Ridley_Pug_1.png,82_Ridley_Pug,3026.183404884773
4.Resultados_ext_caracteristicas/Eigen_Perros_QUERY/K_1/85_Sarabi_MastinTibetano/85_Sarabi_MastinTibetano_3.jpeg,85_Sarabi_MastinTibetano,4.Resultados_ext_caracteristicas/Eigen_Perros/K_2/82_Ridley_Pug/82_Ridley_Pug_10.png,82_Ridley_Pug,5068.777071444354
4.Resultados_ext_caracteristicas/Eigen_Perros_QUERY/K_1/85_Sarabi_MastinTibetano/85_Sarabi_MastinTibetano_3.jpeg,85_Sarabi_MastinTibetano,4.Resultados_ext_caracteristicas/Eigen_Perros/K_2/82_Ridley_Pug/82_Ridley_Pug_11.png,82_Ridley_Pug,5003.4786898716775
4.Resultados_ext_caracteristicas/Eigen_Perros_QUERY/K_1/85_Sarabi_MastinTibetano/85_Sarabi_MastinTibetano_3.jpeg,85_Sarabi_MastinTibetano,4.Resultados_ext_caracteristicas/Eigen_Perros/K_2/82_Ridley_Pug/82_Ridley_Pug_9.png,82_Ridley_Pug,4554.090139643703
4.Resultados_ext_caracteristicas/Eigen_Perros_QUERY/K_1/85_Sarabi_MastinTibetano/85_Sarabi_MastinTibetano_3.jpeg,85_Sarabi_MastinTibetano,4.Resultados_ext_caracteristicas/Eigen_Perros/K_2/82_Ridley_Pug/82_Ridley_Pug_3.png,82_Ridley_Pug,2052.0307015247117
4.Resultados_ext_caracteristicas/Eigen_Perros_QUERY/K_1/85_Sarabi_MastinTibetano/85_Sarabi_MastinTibetano_3.jpeg,85_Sarabi_MastinTibetano,4.Resultados_ext_caracteristicas/Eigen_Perros/K_2/82_Ridley_Pug/82_Ridley_Pug_7.png,82_Ridley_Pug,2689.819882445663
4.Resultados_ext_caracteristicas/Eigen_Perros_QUERY/K_1/85_Sarabi_MastinTibetano/85_Sarabi_MastinTibetano_3.jpeg,85_Sarabi_MastinTibetano,4.Resultados_ext_caracteristicas/Eigen_Perros/K_2/82_Ridley_Pug/82_Ridley_Pug_17.png,82_Ridley_Pug,4435.752134644135
4.Resultados_ext_caracteristicas/Eigen_Perros_QUERY/K_1/85_Sarabi_MastinTibetano/85_Sarabi_MastinTibetano_3.jpeg,85_Sarabi_MastinTibetano,4.Resultados_ext_caracteristicas/Eigen_Perros/K_2/82_Ridley_Pug/82_Ridley_Pug_12.png,82_Ridley_Pug,3003.479815147756
4.Resultados_ext_caracteristicas/Eigen_Perros_QUERY/K_1/85_Sarabi_MastinTibetano/85_Sarabi_MastinTibetano_3.jpeg,85_Sarabi_MastinTibetano,4.Resultados_ext_caracteristicas/Eigen_Perros/K_2/82_Ridley_Pug/82_Ridley_Pug_19.png,82_Ridley_Pug,3593.4352644788246
4.Resultados_ext_caracteristicas/Eigen_Perros_QUERY/K_1/85_Sarabi_MastinTibetano/85_Sarabi_MastinTibetano_3.jpeg,85_Sarabi_MastinTibetano,4.Resultados_ext_caracteristicas/Eigen_Perros/K_2/82_Ridley_Pug/82_Ridley_Pug_14.png,82_Ridley_Pug,2887.5671420765266
4.Resultados_ext_caracteristicas/Eigen_Perros_QUERY/K_1/85_Sarabi_MastinTibetano/85_Sarabi_MastinTibetano_3.jpeg,85_Sarabi_MastinTibetano,4.Resultados_ext_caracteristicas/Eigen_Perros/K_2/82_Ridley_Pug/82_Ridley_Pug_16.png,82_Ridley_Pug,3082.6075001530767
4.Resultados_ext_caracteristicas/Eigen_Perros_QUERY/K_1/85_Sarabi_MastinTibetano/85_Sarabi_MastinTibetano_3.jpeg,85_Sarabi_MastinTibetano,4.Resultados_ext_caracteristicas/Eigen_Perros/K_2/82_Ridley_Pug/82_Ridley_Pug_13.png,82_Ridley_Pug,3662.330269104631
4.Resultados_ext_caracteristicas/Eigen_Perros_QUERY/K_1/85_Sarabi_MastinTibetano/85_Sarabi_MastinTibetano_3.jpeg,85_Sarabi_MastinTibetano,4.Resultados_ext_caracteristicas/Eigen_Perros/K_2/82_Ridley_Pug/82_Ridley_Pug_18.png,82_Ridley_Pug,2833.3453725234417
4.Resultados_ext_caracteristicas/Eigen_Perros_QUERY/K_1/85_Sarabi_MastinTibetano/85_Sarabi_MastinTibetano_3.jpeg,85_Sarabi_MastinTibetano,4.Resultados_ext_caracteristicas/Eigen_Perros/K_2/82_Ridley_Pug/82_Ridley_Pug_15.png,82_Ridley_Pug,4340.760071692514
4.Resultados_ext_caracteristicas/Eigen_Perros_QUERY/K_1/85_Sarabi_MastinTibetano/85_Sarabi_MastinTibetano_3.jpeg,85_Sarabi_MastinTibetano,4.Resultados_ext_caracteristicas/Eigen_Perros/K_2/82_Ridley_Pug/82_Ridley_Pug_8.png,82_Ridley_Pug,2979.738579137438
4.Resultados_ext_caracteristicas/Eigen_Perros_QUERY/K_1/85_Sarabi_MastinTibetano/85_Sarabi_MastinTibetano_3.jpeg,85_Sarabi_MastinTibetano,4.Resultados_ext_caracteristicas/Eigen_Perros/K_2/80_Santa_Criollo/80_Santa_Criollo_1.jpeg,80_Santa_Criollo,5894.751054964068
4.Resultados_ext_caracteristicas/Eigen_Perros_QUERY/K_1/85_Sarabi_MastinTibetano/85_Sarabi_MastinTibetano_3.jpeg,85_Sarabi_MastinTibetano,4.Resultados_ext_caracteristicas/Eigen_Perros/K_2/80_Santa_Criollo/80_Santa_Criollo_3.jpeg,80_Santa_Criollo,4305.616912824456
4.Resultados_ext_caracteristicas/Eigen_Perros_QUERY/K_1/85_Sarabi_MastinTibetano/85_Sarabi_MastinTibetano_3.jpeg,85_Sarabi_MastinTibetano,4.Resultados_ext_caracteristicas/Eigen_Perros/K_2/80_Santa_Criollo/80_Santa_Criollo_10.jpeg,80_Santa_Criollo,5541.811526928717
4.Resultados_ext_caracteristicas/Eigen_Perros_QUERY/K_1/85_Sarabi_MastinTibetano/85_Sarabi_MastinTibetano_3.jpeg,85_Sarabi_MastinTibetano,4.Resultados_ext_caracteristicas/Eigen_Perros/K_2/80_Santa_Criollo/80_Santa_Criollo_6.jpeg,80_Santa_Criollo,2744.0249634432994
4.Resultados_ext_caracteristicas/Eigen_Perros_QUERY/K_1/85_Sarabi_MastinTibetano/85_Sarabi_MastinTibetano_3.jpeg,85_Sarabi_MastinTibetano,4.Resultados_ext_caracteristicas/Eigen_Perros/K_2/80_Santa_Criollo/80_Santa_Criollo_11.jpeg,80_Santa_Criollo,2576.555064422261
4.Resultados_ext_caracteristicas/Eigen_Perros_QUERY/K_1/85_Sarabi_MastinTibetano/85_Sarabi_MastinTibetano_3.jpeg,85_Sarabi_MastinTibetano,4.Resultados_ext_caracteristicas/Eigen_Perros/K_2/80_Santa_Criollo/80_Santa_Criollo_13.jpeg,80_Santa_Criollo,3970.0426949845264
4.Resultados_ext_caracteristicas/Eigen_Perros_QUERY/K_1/85_Sarabi_MastinTibetano/85_Sarabi_MastinTibetano_3.jpeg,85_Sarabi_MastinTibetano,4.Resultados_ext_caracteristicas/Eigen_Perros/K_2/80_Santa_Criollo/80_Santa_Criollo_15.jpeg,80_Santa_Criollo,5806.437548101245
4.Resultados_ext_caracteristicas/Eigen_Perros_QUERY/K_1/85_Sarabi_MastinTibetano/85_Sarabi_MastinTibetano_3.jpeg,85_Sarabi_MastinTibetano,4.Resultados_ext_caracteristicas/Eigen_Perros/K_2/80_Santa_Criollo/80_Santa_Criollo_16.jpeg,80_Santa_Criollo,5641.769846422309
4.Resultados_ext_caracteristicas/Eigen_Perros_QUERY/K_1/85_Sarabi_MastinTibetano/85_Sarabi_MastinTibetano_3.jpeg,85_Sarabi_MastinTibetano,4.Resultados_ext_caracteristicas/Eigen_Perros/K_2/80_Santa_Criollo/80_Santa_Criollo_14.jpeg,80_Santa_Criollo,5162.625882242485
4.Resultados_ext_caracteristicas/Eigen_Perros_QUERY/K_1/85_Sarabi_MastinTibetano/85_Sarabi_MastinTibetano_3.jpeg,85_Sarabi_MastinTibetano,4.Resultados_ext_caracteristicas/Eigen_Perros/K_2/80_Santa_Criollo/80_Santa_Criollo_17.jpeg,80_Santa_Criollo,1904.0388651495537
4.Resultados_ext_caracteristicas/Eigen_Perros_QUERY/K_1/85_Sarabi_MastinTibetano/85_Sarabi_MastinTibetano_3.jpeg,85_Sarabi_MastinTibetano,4.Resultados_ext_caracteristicas/Eigen_Perros/K_2/80_Santa_Criollo/80_Santa_Criollo_2.jpeg,80_Santa_Criollo,4111.986502896137
4.Resultados_ext_caracteristicas/Eigen_Perros_QUERY/K_1/85_Sarabi_MastinTibetano/85_Sarabi_MastinTibetano_3.jpeg,85_Sarabi_MastinTibetano,4.Resultados_ext_caracteristicas/Eigen_Perros/K_2/80_Santa_Criollo/80_Santa_Criollo_5.jpeg,80_Santa_Criollo,5490.324307361087
4.Resultados_ext_caracteristicas/Eigen_Perros_QUERY/K_1/85_Sarabi_MastinTibetano/85_Sarabi_MastinTibetano_3.jpeg,85_Sarabi_MastinTibetano,4.Resultados_ext_caracteristicas/Eigen_Perros/K_2/80_Santa_Criollo/80_Santa_Criollo_8.jpeg,80_Santa_Criollo,4797.058265228806
4.Resultados_ext_caracteristicas/Eigen_Perros_QUERY/K_1/85_Sarabi_MastinTibetano/85_Sarabi_MastinTibetano_3.jpeg,85_Sarabi_MastinTibetano,4.Resultados_ext_caracteristicas/Eigen_Perros/K_2/80_Santa_Criollo/80_Santa_Criollo_7.jpeg,80_Santa_Criollo,3065.8144105604306
4.Resultados_ext_caracteristicas/Eigen_Perros_QUERY/K_1/85_Sarabi_MastinTibetano/85_Sarabi_MastinTibetano_3.jpeg,85_Sarabi_MastinTibetano,4.Resultados_ext_caracteristicas/Eigen_Perros/K_2/80_Santa_Criollo/80_Santa_Criollo_4.jpeg,80_Santa_Criollo,4492.588563400837
4.Resultados_ext_caracteristicas/Eigen_Perros_QUERY/K_1/85_Sarabi_MastinTibetano/85_Sarabi_MastinTibetano_3.jpeg,85_Sarabi_MastinTibetano,4.Resultados_ext_caracteristicas/Eigen_Perros/K_2/80_Santa_Criollo/80_Santa_Criollo_19.jpeg,80_Santa_Criollo,2504.191086958022
4.Resultados_ext_caracteristicas/Eigen_Perros_QUERY/K_1/85_Sarabi_MastinTibetano/85_Sarabi_MastinTibetano_3.jpeg,85_Sarabi_MastinTibetano,4.Resultados_ext_caracteristicas/Eigen_Perros/K_2/80_Santa_Criollo/80_Santa_Criollo_12.jpeg,80_Santa_Criollo,2202.601416507308
4.Resultados_ext_caracteristicas/Eigen_Perros_QUERY/K_1/85_Sarabi_MastinTibetano/85_Sarabi_MastinTibetano_3.jpeg,85_Sarabi_MastinTibetano,4.Resultados_ext_caracteristicas/Eigen_Perros/K_2/80_Santa_Criollo/80_Santa_Criollo_9.jpeg,80_Santa_Criollo,3584.3627048612143
4.Resultados_ext_caracteristicas/Eigen_Perros_QUERY/K_1/85_Sarabi_MastinTibetano/85_Sarabi_MastinTibetano_3.jpeg,85_Sarabi_MastinTibetano,4.Resultados_ext_caracteristicas/Eigen_Perros/K_2/80_Santa_Criollo/80_Santa_Criollo_18.jpeg,80_Santa_Criollo,2415.5343094230725
4.Resultados_ext_caracteristicas/Eigen_Perros_QUERY/K_1/85_Sarabi_MastinTibetano/85_Sarabi_MastinTibetano_3.jpeg,85_Sarabi_MastinTibetano,4.Resultados_ext_caracteristicas/Eigen_Perros/K_2/80_Santa_Criollo/80_Santa_Criollo_21.jpeg,80_Santa_Criollo,4821.221629421323
4.Resultados_ext_caracteristicas/Eigen_Perros_QUERY/K_1/85_Sarabi_MastinTibetano/85_Sarabi_MastinTibetano_3.jpeg,85_Sarabi_MastinTibetano,4.Resultados_ext_caracteristicas/Eigen_Perros/K_2/91_Toby2_Schnauzer/91_Toby2_Schnauzer_4.jpeg,91_Toby2_Schnauzer,4862.065404743133
4.Resultados_ext_caracteristicas/Eigen_Perros_QUERY/K_1/85_Sarabi_MastinTibetano/85_Sarabi_MastinTibetano_3.jpeg,85_Sarabi_MastinTibetano,4.Resultados_ext_caracteristicas/Eigen_Perros/K_2/91_Toby2_Schnauzer/91_Toby2_Schnauzer_3.jpeg,91_Toby2_Schnauzer,4347.10742908431
4.Resultados_ext_caracteristicas/Eigen_Perros_QUERY/K_1/85_Sarabi_MastinTibetano/85_Sarabi_MastinTibetano_3.jpeg,85_Sarabi_MastinTibetano,4.Resultados_ext_caracteristicas/Eigen_Perros/K_2/91_Toby2_Schnauzer/91_Toby2_Schnauzer_2.jpeg,91_Toby2_Schnauzer,5457.237304717471
4.Resultados_ext_caracteristicas/Eigen_Perros_QUERY/K_1/85_Sarabi_MastinTibetano/85_Sarabi_MastinTibetano_3.jpeg,85_Sarabi_MastinTibetano,4.Resultados_ext_caracteristicas/Eigen_Perros/K_2/91_Toby2_Schnauzer/91_Toby2_Schnauzer_1.jpeg,91_Toby2_Schnauzer,4883.413764980395
4.Resultados_ext_caracteristicas/Eigen_Perros_QUERY/K_1/85_Sarabi_MastinTibetano/85_Sarabi_MastinTibetano_3.jpeg,85_Sarabi_MastinTibetano,4.Resultados_ext_caracteristicas/Eigen_Perros/K_2/97_Tala_Husky/97_Tala_Husky_6.png,97_Tala_Husky,3005.423264699999
4.Resultados_ext_caracteristicas/Eigen_Perros_QUERY/K_1/85_Sarabi_MastinTibetano/85_Sarabi_MastinTibetano_3.jpeg,85_Sarabi_MastinTibetano,4.Resultados_ext_caracteristicas/Eigen_Perros/K_2/97_Tala_Husky/97_Tala_Husky_1.png,97_Tala_Husky,3127.266857816902
4.Resultados_ext_caracteristicas/Eigen_Perros_QUERY/K_1/85_Sarabi_MastinTibetano/85_Sarabi_MastinTibetano_3.jpeg,85_Sarabi_MastinTibetano,4.Resultados_ext_caracteristicas/Eigen_Perros/K_2/97_Tala_Husky/97_Tala_Husky_5.png,97_Tala_Husky,2408.7843406996817
4.Resultados_ext_caracteristicas/Eigen_Perros_QUERY/K_1/85_Sarabi_MastinTibetano/85_Sarabi_MastinTibetano_3.jpeg,85_Sarabi_MastinTibetano,4.Resultados_ext_caracteristicas/Eigen_Perros/K_2/97_Tala_Husky/97_Tala_Husky_2.png,97_Tala_Husky,3356.0432059197333
4.Resultados_ext_caracteristicas/Eigen_Perros_QUERY/K_1/85_Sarabi_MastinTibetano/85_Sarabi_MastinTibetano_3.jpeg,85_Sarabi_MastinTibetano,4.Resultados_ext_caracteristicas/Eigen_Perros/K_2/97_Tala_Husky/97_Tala_Husky_4.png,97_Tala_Husky,3350.308940978429
4.Resultados_ext_caracteristicas/Eigen_Perros_QUERY/K_1/85_Sarabi_MastinTibetano/85_Sarabi_MastinTibetano_3.jpeg,85_Sarabi_MastinTibetano,4.Resultados_ext_caracteristicas/Eigen_Perros/K_2/99_Yoda_Pug/99_Yoda_Pug_4.png,99_Yoda_Pug,2682.839726856601
4.Resultados_ext_caracteristicas/Eigen_Perros_QUERY/K_1/85_Sarabi_MastinTibetano/85_Sarabi_MastinTibetano_3.jpeg,85_Sarabi_MastinTibetano,4.Resultados_ext_caracteristicas/Eigen_Perros/K_2/99_Yoda_Pug/99_Yoda_Pug_8.png,99_Yoda_Pug,2037.0255275769127
4.Resultados_ext_caracteristicas/Eigen_Perros_QUERY/K_1/85_Sarabi_MastinTibetano/85_Sarabi_MastinTibetano_3.jpeg,85_Sarabi_MastinTibetano,4.Resultados_ext_caracteristicas/Eigen_Perros/K_2/99_Yoda_Pug/99_Yoda_Pug_6.png,99_Yoda_Pug,2910.27318305344
4.Resultados_ext_caracteristicas/Eigen_Perros_QUERY/K_1/85_Sarabi_MastinTibetano/85_Sarabi_MastinTibetano_3.jpeg,85_Sarabi_MastinTibetano,4.Resultados_ext_caracteristicas/Eigen_Perros/K_2/99_Yoda_Pug/99_Yoda_Pug_11.png,99_Yoda_Pug,2680.4921189960623
4.Resultados_ext_caracteristicas/Eigen_Perros_QUERY/K_1/85_Sarabi_MastinTibetano/85_Sarabi_MastinTibetano_3.jpeg,85_Sarabi_MastinTibetano,4.Resultados_ext_caracteristicas/Eigen_Perros/K_2/99_Yoda_Pug/99_Yoda_Pug_5.png,99_Yoda_Pug,2937.0446029980544
4.Resultados_ext_caracteristicas/Eigen_Perros_QUERY/K_1/85_Sarabi_MastinTibetano/85_Sarabi_MastinTibetano_3.jpeg,85_Sarabi_MastinTibetano,4.Resultados_ext_caracteristicas/Eigen_Perros/K_2/99_Yoda_Pug/99_Yoda_Pug_7.png,99_Yoda_Pug,3826.7411723292707
4.Resultados_ext_caracteristicas/Eigen_Perros_QUERY/K_1/85_Sarabi_MastinTibetano/85_Sarabi_MastinTibetano_3.jpeg,85_Sarabi_MastinTibetano,4.Resultados_ext_caracteristicas/Eigen_Perros/K_2/99_Yoda_Pug/99_Yoda_Pug_10.png,99_Yoda_Pug,2596.800916512469
4.Resultados_ext_caracteristicas/Eigen_Perros_QUERY/K_1/85_Sarabi_MastinTibetano/85_Sarabi_MastinTibetano_3.jpeg,85_Sarabi_MastinTibetano,4.Resultados_ext_caracteristicas/Eigen_Perros/K_2/99_Yoda_Pug/99_Yoda_Pug_12.png,99_Yoda_Pug,2773.8615682834643
4.Resultados_ext_caracteristicas/Eigen_Perros_QUERY/K_1/85_Sarabi_MastinTibetano/85_Sarabi_MastinTibetano_3.jpeg,85_Sarabi_MastinTibetano,4.Resultados_ext_caracteristicas/Eigen_Perros/K_2/99_Yoda_Pug/99_Yoda_Pug_9.png,99_Yoda_Pug,2827.9420078919584
4.Resultados_ext_caracteristicas/Eigen_Perros_QUERY/K_1/85_Sarabi_MastinTibetano/85_Sarabi_MastinTibetano_3.jpeg,85_Sarabi_MastinTibetano,4.Resultados_ext_caracteristicas/Eigen_Perros/K_2/99_Yoda_Pug/99_Yoda_Pug_13.png,99_Yoda_Pug,3825.736661088946
4.Resultados_ext_caracteristicas/Eigen_Perros_QUERY/K_1/85_Sarabi_MastinTibetano/85_Sarabi_MastinTibetano_3.jpeg,85_Sarabi_MastinTibetano,4.Resultados_ext_caracteristicas/Eigen_Perros/K_2/99_Yoda_Pug/99_Yoda_Pug_3.png,99_Yoda_Pug,3170.0041009437195
4.Resultados_ext_caracteristicas/Eigen_Perros_QUERY/K_1/85_Sarabi_MastinTibetano/85_Sarabi_MastinTibetano_3.jpeg,85_Sarabi_MastinTibetano,4.Resultados_ext_caracteristicas/Eigen_Perros/K_2/99_Yoda_Pug/99_Yoda_Pug_1.png,99_Yoda_Pug,3032.4176823122502
4.Resultados_ext_caracteristicas/Eigen_Perros_QUERY/K_1/85_Sarabi_MastinTibetano/85_Sarabi_MastinTibetano_3.jpeg,85_Sarabi_MastinTibetano,4.Resultados_ext_caracteristicas/Eigen_Perros/K_2/99_Yoda_Pug/99_Yoda_Pug_14.png,99_Yoda_Pug,3628.538548782416
4.Resultados_ext_caracteristicas/Eigen_Perros_QUERY/K_1/85_Sarabi_MastinTibetano/85_Sarabi_MastinTibetano_3.jpeg,85_Sarabi_MastinTibetano,4.Resultados_ext_caracteristicas/Eigen_Perros/K_2/89_Winston_Pug/89_Winston_Pug_1.png,89_Winston_Pug,2790.1263412254293
4.Resultados_ext_caracteristicas/Eigen_Perros_QUERY/K_1/85_Sarabi_MastinTibetano/85_Sarabi_MastinTibetano_3.jpeg,85_Sarabi_MastinTibetano,4.Resultados_ext_caracteristicas/Eigen_Perros/K_2/89_Winston_Pug/89_Winston_Pug_6.png,89_Winston_Pug,1657.8178428283368
4.Resultados_ext_caracteristicas/Eigen_Perros_QUERY/K_1/85_Sarabi_MastinTibetano/85_Sarabi_MastinTibetano_3.jpeg,85_Sarabi_MastinTibetano,4.Resultados_ext_caracteristicas/Eigen_Perros/K_2/89_Winston_Pug/89_Winston_Pug_3.png,89_Winston_Pug,4676.809168653346
4.Resultados_ext_caracteristicas/Eigen_Perros_QUERY/K_1/85_Sarabi_MastinTibetano/85_Sarabi_MastinTibetano_3.jpeg,85_Sarabi_MastinTibetano,4.Resultados_ext_caracteristicas/Eigen_Perros/K_2/89_Winston_Pug/89_Winston_Pug_7.png,89_Winston_Pug,2492.4126865348762
4.Resultados_ext_caracteristicas/Eigen_Perros_QUERY/K_1/85_Sarabi_MastinTibetano/85_Sarabi_MastinTibetano_3.jpeg,85_Sarabi_MastinTibetano,4.Resultados_ext_caracteristicas/Eigen_Perros/K_2/89_Winston_Pug/89_Winston_Pug_8.png,89_Winston_Pug,2838.0553201091766
4.Resultados_ext_caracteristicas/Eigen_Perros_QUERY/K_1/85_Sarabi_MastinTibetano/85_Sarabi_MastinTibetano_3.jpeg,85_Sarabi_MastinTibetano,4.Resultados_ext_caracteristicas/Eigen_Perros/K_2/89_Winston_Pug/89_Winston_Pug_2.png,89_Winston_Pug,3332.1089417964713
4.Resultados_ext_caracteristicas/Eigen_Perros_QUERY/K_1/85_Sarabi_MastinTibetano/85_Sarabi_MastinTibetano_3.jpeg,85_Sarabi_MastinTibetano,4.Resultados_ext_caracteristicas/Eigen_Perros/K_2/89_Winston_Pug/89_Winston_Pug_5.png,89_Winston_Pug,4082.2525644550706
4.Resultados_ext_caracteristicas/Eigen_Perros_QUERY/K_1/85_Sarabi_MastinTibetano/85_Sarabi_MastinTibetano_3.jpeg,85_Sarabi_MastinTibetano,4.Resultados_ext_caracteristicas/Eigen_Perros/K_2/104_Orion_Pitbull/104_Orion_Pitbull_2.jpeg,104_Orion_Pitbull,2037.8660407396753
4.Resultados_ext_caracteristicas/Eigen_Perros_QUERY/K_1/85_Sarabi_MastinTibetano/85_Sarabi_MastinTibetano_3.jpeg,85_Sarabi_MastinTibetano,4.Resultados_ext_caracteristicas/Eigen_Perros/K_2/104_Orion_Pitbull/104_Orion_Pitbull_4.jpeg,104_Orion_Pitbull,2401.714595866878
4.Resultados_ext_caracteristicas/Eigen_Perros_QUERY/K_1/85_Sarabi_MastinTibetano/85_Sarabi_MastinTibetano_3.jpeg,85_Sarabi_MastinTibetano,4.Resultados_ext_caracteristicas/Eigen_Perros/K_2/104_Orion_Pitbull/104_Orion_Pitbull_3.jpeg,104_Orion_Pitbull,4672.293227099515
4.Resultados_ext_caracteristicas/Eigen_Perros_QUERY/K_1/85_Sarabi_MastinTibetano/85_Sarabi_MastinTibetano_3.jpeg,85_Sarabi_MastinTibetano,4.Resultados_ext_caracteristicas/Eigen_Perros/K_2/104_Orion_Pitbull/104_Orion_Pitbull_5.jpeg,104_Orion_Pitbull,4092.155544453314
4.Resultados_ext_caracteristicas/Eigen_Perros_QUERY/K_1/85_Sarabi_MastinTibetano/85_Sarabi_MastinTibetano_3.jpeg,85_Sarabi_MastinTibetano,4.Resultados_ext_caracteristicas/Eigen_Perros/K_2/95_Taffy_Criollo/95_Taffy_Criollo_2.jpeg,95_Taffy_Criollo,3483.3927427150675
4.Resultados_ext_caracteristicas/Eigen_Perros_QUERY/K_1/85_Sarabi_MastinTibetano/85_Sarabi_MastinTibetano_3.jpeg,85_Sarabi_MastinTibetano,4.Resultados_ext_caracteristicas/Eigen_Perros/K_2/95_Taffy_Criollo/95_Taffy_Criollo_5.jpeg,95_Taffy_Criollo,2518.8453704028757
4.Resultados_ext_caracteristicas/Eigen_Perros_QUERY/K_1/85_Sarabi_MastinTibetano/85_Sarabi_MastinTibetano_3.jpeg,85_Sarabi_MastinTibetano,4.Resultados_ext_caracteristicas/Eigen_Perros/K_2/95_Taffy_Criollo/95_Taffy_Criollo_6.jpeg,95_Taffy_Criollo,2518.8453704028757
4.Resultados_ext_caracteristicas/Eigen_Perros_QUERY/K_1/85_Sarabi_MastinTibetano/85_Sarabi_MastinTibetano_3.jpeg,85_Sarabi_MastinTibetano,4.Resultados_ext_caracteristicas/Eigen_Perros/K_2/95_Taffy_Criollo/95_Taffy_Criollo_11.jpeg,95_Taffy_Criollo,3721.075516567757
4.Resultados_ext_caracteristicas/Eigen_Perros_QUERY/K_1/85_Sarabi_MastinTibetano/85_Sarabi_MastinTibetano_3.jpeg,85_Sarabi_MastinTibetano,4.Resultados_ext_caracteristicas/Eigen_Perros/K_2/95_Taffy_Criollo/95_Taffy_Criollo_10.jpeg,95_Taffy_Criollo,4991.862678399717
4.Resultados_ext_caracteristicas/Eigen_Perros_QUERY/K_1/85_Sarabi_MastinTibetano/85_Sarabi_MastinTibetano_3.jpeg,85_Sarabi_MastinTibetano,4.Resultados_ext_caracteristicas/Eigen_Perros/K_2/95_Taffy_Criollo/95_Taffy_Criollo_12.jpeg,95_Taffy_Criollo,3721.075516567757
4.Resultados_ext_caracteristicas/Eigen_Perros_QUERY/K_1/85_Sarabi_MastinTibetano/85_Sarabi_MastinTibetano_3.jpeg,85_Sarabi_MastinTibetano,4.Resultados_ext_caracteristicas/Eigen_Perros/K_2/95_Taffy_Criollo/95_Taffy_Criollo_9.jpeg,95_Taffy_Criollo,4991.862678399717
4.Resultados_ext_caracteristicas/Eigen_Perros_QUERY/K_1/85_Sarabi_MastinTibetano/85_Sarabi_MastinTibetano_3.jpeg,85_Sarabi_MastinTibetano,4.Resultados_ext_caracteristicas/Eigen_Perros/K_2/95_Taffy_Criollo/95_Taffy_Criollo_13.jpeg,95_Taffy_Criollo,4488.244757140591
4.Resultados_ext_caracteristicas/Eigen_Perros_QUERY/K_1/85_Sarabi_MastinTibetano/85_Sarabi_MastinTibetano_3.jpeg,85_Sarabi_MastinTibetano,4.Resultados_ext_caracteristicas/Eigen_Perros/K_2/95_Taffy_Criollo/95_Taffy_Criollo_15.jpeg,95_Taffy_Criollo,4409.306748231517
4.Resultados_ext_caracteristicas/Eigen_Perros_QUERY/K_1/85_Sarabi_MastinTibetano/85_Sarabi_MastinTibetano_3.jpeg,85_Sarabi_MastinTibetano,4.Resultados_ext_caracteristicas/Eigen_Perros/K_2/95_Taffy_Criollo/95_Taffy_Criollo_18.jpeg,95_Taffy_Criollo,5296.907682790025
4.Resultados_ext_caracteristicas/Eigen_Perros_QUERY/K_1/85_Sarabi_MastinTibetano/85_Sarabi_MastinTibetano_3.jpeg,85_Sarabi_MastinTibetano,4.Resultados_ext_caracteristicas/Eigen_Perros/K_2/95_Taffy_Criollo/95_Taffy_Criollo_17.jpeg,95_Taffy_Criollo,5015.011664991419
4.Resultados_ext_caracteristicas/Eigen_Perros_QUERY/K_1/85_Sarabi_MastinTibetano/85_Sarabi_MastinTibetano_3.jpeg,85_Sarabi_MastinTibetano,4.Resultados_ext_caracteristicas/Eigen_Perros/K_2/95_Taffy_Criollo/95_Taffy_Criollo_16.jpeg,95_Taffy_Criollo,5015.011664991419
4.Resultados_ext_caracteristicas/Eigen_Perros_QUERY/K_1/85_Sarabi_MastinTibetano/85_Sarabi_MastinTibetano_3.jpeg,85_Sarabi_MastinTibetano,4.Resultados_ext_caracteristicas/Eigen_Perros/K_2/95_Taffy_Criollo/95_Taffy_Criollo_19.jpeg,95_Taffy_Criollo,5296.907682790025
4.Resultados_ext_caracteristicas/Eigen_Perros_QUERY/K_1/85_Sarabi_MastinTibetano/85_Sarabi_MastinTibetano_3.jpeg,85_Sarabi_MastinTibetano,4.Resultados_ext_caracteristicas/Eigen_Perros/K_2/95_Taffy_Criollo/95_Taffy_Criollo_4.jpeg,95_Taffy_Criollo,3667.2728286834617
4.Resultados_ext_caracteristicas/Eigen_Perros_QUERY/K_1/85_Sarabi_MastinTibetano/85_Sarabi_MastinTibetano_3.jpeg,85_Sarabi_MastinTibetano,4.Resultados_ext_caracteristicas/Eigen_Perros/K_2/95_Taffy_Criollo/95_Taffy_Criollo_14.jpeg,95_Taffy_Criollo,3230.6561253095324
4.Resultados_ext_caracteristicas/Eigen_Perros_QUERY/K_1/85_Sarabi_MastinTibetano/85_Sarabi_MastinTibetano_3.jpeg,85_Sarabi_MastinTibetano,4.Resultados_ext_caracteristicas/Eigen_Perros/K_2/95_Taffy_Criollo/95_Taffy_Criollo_7.jpeg,95_Taffy_Criollo,3839.0849170082183
4.Resultados_ext_caracteristicas/Eigen_Perros_QUERY/K_1/85_Sarabi_MastinTibetano/85_Sarabi_MastinTibetano_3.jpeg,85_Sarabi_MastinTibetano,4.Resultados_ext_caracteristicas/Eigen_Perros/K_2/100_Zeus_Rekel_Husky/100_Zeus_Rekel_Husky_3.png,100_Zeus_Rekel_Husky,5454.8108124847
4.Resultados_ext_caracteristicas/Eigen_Perros_QUERY/K_1/85_Sarabi_MastinTibetano/85_Sarabi_MastinTibetano_3.jpeg,85_Sarabi_MastinTibetano,4.Resultados_ext_caracteristicas/Eigen_Perros/K_2/100_Zeus_Rekel_Husky/100_Zeus_Rekel_Husky_5.png,100_Zeus_Rekel_Husky,4374.932799483896
4.Resultados_ext_caracteristicas/Eigen_Perros_QUERY/K_1/85_Sarabi_MastinTibetano/85_Sarabi_MastinTibetano_3.jpeg,85_Sarabi_MastinTibetano,4.Resultados_ext_caracteristicas/Eigen_Perros/K_2/100_Zeus_Rekel_Husky/100_Zeus_Rekel_Husky_6.png,100_Zeus_Rekel_Husky,3939.06981405509
4.Resultados_ext_caracteristicas/Eigen_Perros_QUERY/K_1/85_Sarabi_MastinTibetano/85_Sarabi_MastinTibetano_3.jpeg,85_Sarabi_MastinTibetano,4.Resultados_ext_caracteristicas/Eigen_Perros/K_2/100_Zeus_Rekel_Husky/100_Zeus_Rekel_Husky_2.png,100_Zeus_Rekel_Husky,4647.176777356334
4.Resultados_ext_caracteristicas/Eigen_Perros_QUERY/K_1/85_Sarabi_MastinTibetano/85_Sarabi_MastinTibetano_3.jpeg,85_Sarabi_MastinTibetano,4.Resultados_ext_caracteristicas/Eigen_Perros/K_2/100_Zeus_Rekel_Husky/100_Zeus_Rekel_Husky_4.png,100_Zeus_Rekel_Husky,3686.9500945903783
4.Resultados_ext_caracteristicas/Eigen_Perros_QUERY/K_1/85_Sarabi_MastinTibetano/85_Sarabi_MastinTibetano_3.jpeg,85_Sarabi_MastinTibetano,4.Resultados_ext_caracteristicas/Eigen_Perros/K_2/101_ZowieHusky/101_ZowieHusky_3.png,101_ZowieHusky,5095.295477202475
4.Resultados_ext_caracteristicas/Eigen_Perros_QUERY/K_1/85_Sarabi_MastinTibetano/85_Sarabi_MastinTibetano_3.jpeg,85_Sarabi_MastinTibetano,4.Resultados_ext_caracteristicas/Eigen_Perros/K_2/101_ZowieHusky/101_ZowieHusky_5.png,101_ZowieHusky,5007.043838434011
4.Resultados_ext_caracteristicas/Eigen_Perros_QUERY/K_1/85_Sarabi_MastinTibetano/85_Sarabi_MastinTibetano_3.jpeg,85_Sarabi_MastinTibetano,4.Resultados_ext_caracteristicas/Eigen_Perros/K_2/101_ZowieHusky/101_ZowieHusky_1.png,101_ZowieHusky,4165.468160963423
4.Resultados_ext_caracteristicas/Eigen_Perros_QUERY/K_1/85_Sarabi_MastinTibetano/85_Sarabi_MastinTibetano_3.jpeg,85_Sarabi_MastinTibetano,4.Resultados_ext_caracteristicas/Eigen_Perros/K_2/101_ZowieHusky/101_ZowieHusky_2.png,101_ZowieHusky,4418.805268395519
4.Resultados_ext_caracteristicas/Eigen_Perros_QUERY/K_1/85_Sarabi_MastinTibetano/85_Sarabi_MastinTibetano_3.jpeg,85_Sarabi_MastinTibetano,4.Resultados_ext_caracteristicas/Eigen_Perros/K_2/101_ZowieHusky/101_ZowieHusky_4.png,101_ZowieHusky,5390.304536851327
4.Resultados_ext_caracteristicas/Eigen_Perros_QUERY/K_1/85_Sarabi_MastinTibetano/85_Sarabi_MastinTibetano_3.jpeg,85_Sarabi_MastinTibetano,4.Resultados_ext_caracteristicas/Eigen_Perros/K_2/101_ZowieHusky/101_ZowieHusky_8.png,101_ZowieHusky,3731.898578471821
4.Resultados_ext_caracteristicas/Eigen_Perros_QUERY/K_1/85_Sarabi_MastinTibetano/85_Sarabi_MastinTibetano_3.jpeg,85_Sarabi_MastinTibetano,4.Resultados_ext_caracteristicas/Eigen_Perros/K_2/101_ZowieHusky/101_ZowieHusky_10.png,101_ZowieHusky,3955.1864684234547
4.Resultados_ext_caracteristicas/Eigen_Perros_QUERY/K_1/85_Sarabi_MastinTibetano/85_Sarabi_MastinTibetano_3.jpeg,85_Sarabi_MastinTibetano,4.Resultados_ext_caracteristicas/Eigen_Perros/K_2/101_ZowieHusky/101_ZowieHusky_14.png,101_ZowieHusky,4850.562957018495
4.Resultados_ext_caracteristicas/Eigen_Perros_QUERY/K_1/85_Sarabi_MastinTibetano/85_Sarabi_MastinTibetano_3.jpeg,85_Sarabi_MastinTibetano,4.Resultados_ext_caracteristicas/Eigen_Perros/K_2/101_ZowieHusky/101_ZowieHusky_7.png,101_ZowieHusky,5355.104107298009
4.Resultados_ext_caracteristicas/Eigen_Perros_QUERY/K_1/85_Sarabi_MastinTibetano/85_Sarabi_MastinTibetano_3.jpeg,85_Sarabi_MastinTibetano,4.Resultados_ext_caracteristicas/Eigen_Perros/K_2/101_ZowieHusky/101_ZowieHusky_11.png,101_ZowieHusky,3736.148417822825
4.Resultados_ext_caracteristicas/Eigen_Perros_QUERY/K_1/85_Sarabi_MastinTibetano/85_Sarabi_MastinTibetano_3.jpeg,85_Sarabi_MastinTibetano,4.Resultados_ext_caracteristicas/Eigen_Perros/K_2/101_ZowieHusky/101_ZowieHusky_13.png,101_ZowieHusky,4974.187169779601
4.Resultados_ext_caracteristicas/Eigen_Perros_QUERY/K_1/85_Sarabi_MastinTibetano/85_Sarabi_MastinTibetano_3.jpeg,85_Sarabi_MastinTibetano,4.Resultados_ext_caracteristicas/Eigen_Perros/K_2/101_ZowieHusky/101_ZowieHusky_12.png,101_ZowieHusky,2343.276552180728
4.Resultados_ext_caracteristicas/Eigen_Perros_QUERY/K_1/85_Sarabi_MastinTibetano/85_Sarabi_MastinTibetano_3.jpeg,85_Sarabi_MastinTibetano,4.Resultados_ext_caracteristicas/Eigen_Perros/K_2/101_ZowieHusky/101_ZowieHusky_9.png,101_ZowieHusky,3958.8077750757234
4.Resultados_ext_caracteristicas/Eigen_Perros_QUERY/K_1/85_Sarabi_MastinTibetano/85_Sarabi_MastinTibetano_3.jpeg,85_Sarabi_MastinTibetano,4.Resultados_ext_caracteristicas/Eigen_Perros/K_2/92_Toby_BulldogFrances/92_Toby_BulldogFrances_1.jpeg,92_Toby_BulldogFrances,5738.395507456767
4.Resultados_ext_caracteristicas/Eigen_Perros_QUERY/K_1/85_Sarabi_MastinTibetano/85_Sarabi_MastinTibetano_3.jpeg,85_Sarabi_MastinTibetano,4.Resultados_ext_caracteristicas/Eigen_Perros/K_2/92_Toby_BulldogFrances/92_Toby_BulldogFrances_2.jpeg,92_Toby_BulldogFrances,5512.165182575718
4.Resultados_ext_caracteristicas/Eigen_Perros_QUERY/K_1/85_Sarabi_MastinTibetano/85_Sarabi_MastinTibetano_3.jpeg,85_Sarabi_MastinTibetano,4.Resultados_ext_caracteristicas/Eigen_Perros/K_2/92_Toby_BulldogFrances/92_Toby_BulldogFrances_6.jpeg,92_Toby_BulldogFrances,4576.345922239708
4.Resultados_ext_caracteristicas/Eigen_Perros_QUERY/K_1/85_Sarabi_MastinTibetano/85_Sarabi_MastinTibetano_3.jpeg,85_Sarabi_MastinTibetano,4.Resultados_ext_caracteristicas/Eigen_Perros/K_2/92_Toby_BulldogFrances/92_Toby_BulldogFrances_3.jpeg,92_Toby_BulldogFrances,3657.598802493242
4.Resultados_ext_caracteristicas/Eigen_Perros_QUERY/K_1/85_Sarabi_MastinTibetano/85_Sarabi_MastinTibetano_3.jpeg,85_Sarabi_MastinTibetano,4.Resultados_ext_caracteristicas/Eigen_Perros/K_2/92_Toby_BulldogFrances/92_Toby_BulldogFrances_5.jpeg,92_Toby_BulldogFrances,3117.970493766739
4.Resultados_ext_caracteristicas/Eigen_Perros_QUERY/K_1/85_Sarabi_MastinTibetano/85_Sarabi_MastinTibetano_3.jpeg,85_Sarabi_MastinTibetano,4.Resultados_ext_caracteristicas/Eigen_Perros/K_2/92_Toby_BulldogFrances/92_Toby_BulldogFrances_4.jpeg,92_Toby_BulldogFrances,2542.309776561464
4.Resultados_ext_caracteristicas/Eigen_Perros_QUERY/K_1/85_Sarabi_MastinTibetano/85_Sarabi_MastinTibetano_3.jpeg,85_Sarabi_MastinTibetano,4.Resultados_ext_caracteristicas/Eigen_Perros/K_2/98_Yago_Mixto/98_Yago_Mixto_1.jpeg,98_Yago_Mixto,3305.9171193482757
4.Resultados_ext_caracteristicas/Eigen_Perros_QUERY/K_1/85_Sarabi_MastinTibetano/85_Sarabi_MastinTibetano_3.jpeg,85_Sarabi_MastinTibetano,4.Resultados_ext_caracteristicas/Eigen_Perros/K_2/98_Yago_Mixto/98_Yago_Mixto_2.jpeg,98_Yago_Mixto,2202.657485856573
4.Resultados_ext_caracteristicas/Eigen_Perros_QUERY/K_1/85_Sarabi_MastinTibetano/85_Sarabi_MastinTibetano_3.jpeg,85_Sarabi_MastinTibetano,4.Resultados_ext_caracteristicas/Eigen_Perros/K_2/98_Yago_Mixto/98_Yago_Mixto_6.jpeg,98_Yago_Mixto,5514.140368180701
4.Resultados_ext_caracteristicas/Eigen_Perros_QUERY/K_1/85_Sarabi_MastinTibetano/85_Sarabi_MastinTibetano_3.jpeg,85_Sarabi_MastinTibetano,4.Resultados_ext_caracteristicas/Eigen_Perros/K_2/98_Yago_Mixto/98_Yago_Mixto_8.jpeg,98_Yago_Mixto,5523.61267650077
4.Resultados_ext_caracteristicas/Eigen_Perros_QUERY/K_1/85_Sarabi_MastinTibetano/85_Sarabi_MastinTibetano_3.jpeg,85_Sarabi_MastinTibetano,4.Resultados_ext_caracteristicas/Eigen_Perros/K_2/98_Yago_Mixto/98_Yago_Mixto_4.jpeg,98_Yago_Mixto,4673.392664863503
