# Ruta Query,# Sujetos Query,# Ruta Dataset,# Sujetos Dataset,# Valor Distancia Euclidiana
4.Resultados_ext_caracteristicas/Eigen_Perros_QUERY/K_1/57_Mickey_Beagle/57_Mickey_Beagle_14.jpeg,57_Mickey_Beagle,4.Resultados_ext_caracteristicas/Eigen_Perros/K_50/13_Dakota_Husky/13_Dakota_Husky_3.png,13_Dakota_Husky,3540.029660892688
4.Resultados_ext_caracteristicas/Eigen_Perros_QUERY/K_1/57_Mickey_Beagle/57_Mickey_Beagle_14.jpeg,57_Mickey_Beagle,4.Resultados_ext_caracteristicas/Eigen_Perros/K_50/13_Dakota_Husky/13_Dakota_Husky_2.png,13_Dakota_Husky,3553.799234622012
4.Resultados_ext_caracteristicas/Eigen_Perros_QUERY/K_1/57_Mickey_Beagle/57_Mickey_Beagle_14.jpeg,57_Mickey_Beagle,4.Resultados_ext_caracteristicas/Eigen_Perros/K_50/13_Dakota_Husky/13_Dakota_Husky_1.png,13_Dakota_Husky,3988.930558432924
4.Resultados_ext_caracteristicas/Eigen_Perros_QUERY/K_1/57_Mickey_Beagle/57_Mickey_Beagle_14.jpeg,57_Mickey_Beagle,4.Resultados_ext_caracteristicas/Eigen_Perros/K_50/13_Dakota_Husky/13_Dakota_Husky_6.png,13_Dakota_Husky,4002.974893750896
4.Resultados_ext_caracteristicas/Eigen_Perros_QUERY/K_1/57_Mickey_Beagle/57_Mickey_Beagle_14.jpeg,57_Mickey_Beagle,4.Resultados_ext_caracteristicas/Eigen_Perros/K_50/13_Dakota_Husky/13_Dakota_Husky_4.png,13_Dakota_Husky,4002.8582288160046
4.Resultados_ext_caracteristicas/Eigen_Perros_QUERY/K_1/57_Mickey_Beagle/57_Mickey_Beagle_14.jpeg,57_Mickey_Beagle,4.Resultados_ext_caracteristicas/Eigen_Perros/K_50/13_Dakota_Husky/13_Dakota_Husky_10.png,13_Dakota_Husky,3351.2517064523818
4.Resultados_ext_caracteristicas/Eigen_Perros_QUERY/K_1/57_Mickey_Beagle/57_Mickey_Beagle_14.jpeg,57_Mickey_Beagle,4.Resultados_ext_caracteristicas/Eigen_Perros/K_50/13_Dakota_Husky/13_Dakota_Husky_11.png,13_Dakota_Husky,3305.5332398873256
4.Resultados_ext_caracteristicas/Eigen_Perros_QUERY/K_1/57_Mickey_Beagle/57_Mickey_Beagle_14.jpeg,57_Mickey_Beagle,4.Resultados_ext_caracteristicas/Eigen_Perros/K_50/13_Dakota_Husky/13_Dakota_Husky_8.png,13_Dakota_Husky,3677.631710761696
4.Resultados_ext_caracteristicas/Eigen_Perros_QUERY/K_1/57_Mickey_Beagle/57_Mickey_Beagle_14.jpeg,57_Mickey_Beagle,4.Resultados_ext_caracteristicas/Eigen_Perros/K_50/13_Dakota_Husky/13_Dakota_Husky_9.png,13_Dakota_Husky,3460.4868154639744
4.Resultados_ext_caracteristicas/Eigen_Perros_QUERY/K_1/57_Mickey_Beagle/57_Mickey_Beagle_14.jpeg,57_Mickey_Beagle,4.Resultados_ext_caracteristicas/Eigen_Perros/K_50/13_Dakota_Husky/13_Dakota_Husky_7.png,13_Dakota_Husky,3348.056301796611
4.Resultados_ext_caracteristicas/Eigen_Perros_QUERY/K_1/57_Mickey_Beagle/57_Mickey_Beagle_14.jpeg,57_Mickey_Beagle,4.Resultados_ext_caracteristicas/Eigen_Perros/K_50/7_Bailey_Husky/7_Bailey_Husky_3.png,7_Bailey_Husky,3531.186486154477
4.Resultados_ext_caracteristicas/Eigen_Perros_QUERY/K_1/57_Mickey_Beagle/57_Mickey_Beagle_14.jpeg,57_Mickey_Beagle,4.Resultados_ext_caracteristicas/Eigen_Perros/K_50/7_Bailey_Husky/7_Bailey_Husky_5.png,7_Bailey_Husky,5966.8912341352425
4.Resultados_ext_caracteristicas/Eigen_Perros_QUERY/K_1/57_Mickey_Beagle/57_Mickey_Beagle_14.jpeg,57_Mickey_Beagle,4.Resultados_ext_caracteristicas/Eigen_Perros/K_50/7_Bailey_Husky/7_Bailey_Husky_2.png,7_Bailey_Husky,3558.7430365228674
4.Resultados_ext_caracteristicas/Eigen_Perros_QUERY/K_1/57_Mickey_Beagle/57_Mickey_Beagle_14.jpeg,57_Mickey_Beagle,4.Resultados_ext_caracteristicas/Eigen_Perros/K_50/7_Bailey_Husky/7_Bailey_Husky_1.png,7_Bailey_Husky,3914.4207745207973
4.Resultados_ext_caracteristicas/Eigen_Perros_QUERY/K_1/57_Mickey_Beagle/57_Mickey_Beagle_14.jpeg,57_Mickey_Beagle,4.Resultados_ext_caracteristicas/Eigen_Perros/K_50/3_Bandit_Pug/3_Bandit_Pug_2.png,3_Bandit_Pug,3223.838240358843
4.Resultados_ext_caracteristicas/Eigen_Perros_QUERY/K_1/57_Mickey_Beagle/57_Mickey_Beagle_14.jpeg,57_Mickey_Beagle,4.Resultados_ext_caracteristicas/Eigen_Perros/K_50/3_Bandit_Pug/3_Bandit_Pug_1.png,3_Bandit_Pug,3251.622671836325
4.Resultados_ext_caracteristicas/Eigen_Perros_QUERY/K_1/57_Mickey_Beagle/57_Mickey_Beagle_14.jpeg,57_Mickey_Beagle,4.Resultados_ext_caracteristicas/Eigen_Perros/K_50/3_Bandit_Pug/3_Bandit_Pug_3.png,3_Bandit_Pug,3371.7726791704094
4.Resultados_ext_caracteristicas/Eigen_Perros_QUERY/K_1/57_Mickey_Beagle/57_Mickey_Beagle_14.jpeg,57_Mickey_Beagle,4.Resultados_ext_caracteristicas/Eigen_Perros/K_50/3_Bandit_Pug/3_Bandit_Pug_10.png,3_Bandit_Pug,3411.3682005904902
4.Resultados_ext_caracteristicas/Eigen_Perros_QUERY/K_1/57_Mickey_Beagle/57_Mickey_Beagle_14.jpeg,57_Mickey_Beagle,4.Resultados_ext_caracteristicas/Eigen_Perros/K_50/3_Bandit_Pug/3_Bandit_Pug_7.png,3_Bandit_Pug,2653.498257018459
4.Resultados_ext_caracteristicas/Eigen_Perros_QUERY/K_1/57_Mickey_Beagle/57_Mickey_Beagle_14.jpeg,57_Mickey_Beagle,4.Resultados_ext_caracteristicas/Eigen_Perros/K_50/3_Bandit_Pug/3_Bandit_Pug_12.png,3_Bandit_Pug,3212.2446980265995
4.Resultados_ext_caracteristicas/Eigen_Perros_QUERY/K_1/57_Mickey_Beagle/57_Mickey_Beagle_14.jpeg,57_Mickey_Beagle,4.Resultados_ext_caracteristicas/Eigen_Perros/K_50/3_Bandit_Pug/3_Bandit_Pug_11.png,3_Bandit_Pug,3687.74199205964
4.Resultados_ext_caracteristicas/Eigen_Perros_QUERY/K_1/57_Mickey_Beagle/57_Mickey_Beagle_14.jpeg,57_Mickey_Beagle,4.Resultados_ext_caracteristicas/Eigen_Perros/K_50/3_Bandit_Pug/3_Bandit_Pug_8.png,3_Bandit_Pug,3368.2140668312636
4.Resultados_ext_caracteristicas/Eigen_Perros_QUERY/K_1/57_Mickey_Beagle/57_Mickey_Beagle_14.jpeg,57_Mickey_Beagle,4.Resultados_ext_caracteristicas/Eigen_Perros/K_50/3_Bandit_Pug/3_Bandit_Pug_6.png,3_Bandit_Pug,3152.1600530429923
4.Resultados_ext_caracteristicas/Eigen_Perros_QUERY/K_1/57_Mickey_Beagle/57_Mickey_Beagle_14.jpeg,57_Mickey_Beagle,4.Resultados_ext_caracteristicas/Eigen_Perros/K_50/3_Bandit_Pug/3_Bandit_Pug_9.png,3_Bandit_Pug,4018.904203884437
4.Resultados_ext_caracteristicas/Eigen_Perros_QUERY/K_1/57_Mickey_Beagle/57_Mickey_Beagle_14.jpeg,57_Mickey_Beagle,4.Resultados_ext_caracteristicas/Eigen_Perros/K_50/3_Bandit_Pug/3_Bandit_Pug_5.png,3_Bandit_Pug,3301.6006724011913
4.Resultados_ext_caracteristicas/Eigen_Perros_QUERY/K_1/57_Mickey_Beagle/57_Mickey_Beagle_14.jpeg,57_Mickey_Beagle,4.Resultados_ext_caracteristicas/Eigen_Perros/K_50/4_Apolo_Husky/4_Apolo_Husky_2.png,4_Apolo_Husky,3739.7140264998875
4.Resultados_ext_caracteristicas/Eigen_Perros_QUERY/K_1/57_Mickey_Beagle/57_Mickey_Beagle_14.jpeg,57_Mickey_Beagle,4.Resultados_ext_caracteristicas/Eigen_Perros/K_50/4_Apolo_Husky/4_Apolo_Husky_1.png,4_Apolo_Husky,4337.194023790035
4.Resultados_ext_caracteristicas/Eigen_Perros_QUERY/K_1/57_Mickey_Beagle/57_Mickey_Beagle_14.jpeg,57_Mickey_Beagle,4.Resultados_ext_caracteristicas/Eigen_Perros/K_50/4_Apolo_Husky/4_Apolo_Husky_6.png,4_Apolo_Husky,4200.258087308445
4.Resultados_ext_caracteristicas/Eigen_Perros_QUERY/K_1/57_Mickey_Beagle/57_Mickey_Beagle_14.jpeg,57_Mickey_Beagle,4.Resultados_ext_caracteristicas/Eigen_Perros/K_50/4_Apolo_Husky/4_Apolo_Husky_12.png,4_Apolo_Husky,4807.384007961086
4.Resultados_ext_caracteristicas/Eigen_Perros_QUERY/K_1/57_Mickey_Beagle/57_Mickey_Beagle_14.jpeg,57_Mickey_Beagle,4.Resultados_ext_caracteristicas/Eigen_Perros/K_50/4_Apolo_Husky/4_Apolo_Husky_10.png,4_Apolo_Husky,4396.797698325453
4.Resultados_ext_caracteristicas/Eigen_Perros_QUERY/K_1/57_Mickey_Beagle/57_Mickey_Beagle_14.jpeg,57_Mickey_Beagle,4.Resultados_ext_caracteristicas/Eigen_Perros/K_50/4_Apolo_Husky/4_Apolo_Husky_11.png,4_Apolo_Husky,3760.751121784051
4.Resultados_ext_caracteristicas/Eigen_Perros_QUERY/K_1/57_Mickey_Beagle/57_Mickey_Beagle_14.jpeg,57_Mickey_Beagle,4.Resultados_ext_caracteristicas/Eigen_Perros/K_50/4_Apolo_Husky/4_Apolo_Husky_4.png,4_Apolo_Husky,4172.961418465308
4.Resultados_ext_caracteristicas/Eigen_Perros_QUERY/K_1/57_Mickey_Beagle/57_Mickey_Beagle_14.jpeg,57_Mickey_Beagle,4.Resultados_ext_caracteristicas/Eigen_Perros/K_50/4_Apolo_Husky/4_Apolo_Husky_7.png,4_Apolo_Husky,4270.086884361956
4.Resultados_ext_caracteristicas/Eigen_Perros_QUERY/K_1/57_Mickey_Beagle/57_Mickey_Beagle_14.jpeg,57_Mickey_Beagle,4.Resultados_ext_caracteristicas/Eigen_Perros/K_50/4_Apolo_Husky/4_Apolo_Husky_8.png,4_Apolo_Husky,3996.570654949065
4.Resultados_ext_caracteristicas/Eigen_Perros_QUERY/K_1/57_Mickey_Beagle/57_Mickey_Beagle_14.jpeg,57_Mickey_Beagle,4.Resultados_ext_caracteristicas/Eigen_Perros/K_50/4_Apolo_Husky/4_Apolo_Husky_5.png,4_Apolo_Husky,3804.325170118874
4.Resultados_ext_caracteristicas/Eigen_Perros_QUERY/K_1/57_Mickey_Beagle/57_Mickey_Beagle_14.jpeg,57_Mickey_Beagle,4.Resultados_ext_caracteristicas/Eigen_Perros/K_50/4_Apolo_Husky/4_Apolo_Husky_3.png,4_Apolo_Husky,4270.477373783872
4.Resultados_ext_caracteristicas/Eigen_Perros_QUERY/K_1/57_Mickey_Beagle/57_Mickey_Beagle_14.jpeg,57_Mickey_Beagle,4.Resultados_ext_caracteristicas/Eigen_Perros/K_50/14_Cody_Pug/14_Cody_Pug_7.png,14_Cody_Pug,3559.9804774745608
4.Resultados_ext_caracteristicas/Eigen_Perros_QUERY/K_1/57_Mickey_Beagle/57_Mickey_Beagle_14.jpeg,57_Mickey_Beagle,4.Resultados_ext_caracteristicas/Eigen_Perros/K_50/14_Cody_Pug/14_Cody_Pug_4.png,14_Cody_Pug,5335.704733210037
4.Resultados_ext_caracteristicas/Eigen_Perros_QUERY/K_1/57_Mickey_Beagle/57_Mickey_Beagle_14.jpeg,57_Mickey_Beagle,4.Resultados_ext_caracteristicas/Eigen_Perros/K_50/14_Cody_Pug/14_Cody_Pug_1.png,14_Cody_Pug,4374.06149933903
4.Resultados_ext_caracteristicas/Eigen_Perros_QUERY/K_1/57_Mickey_Beagle/57_Mickey_Beagle_14.jpeg,57_Mickey_Beagle,4.Resultados_ext_caracteristicas/Eigen_Perros/K_50/14_Cody_Pug/14_Cody_Pug_5.png,14_Cody_Pug,5585.428452679346
4.Resultados_ext_caracteristicas/Eigen_Perros_QUERY/K_1/57_Mickey_Beagle/57_Mickey_Beagle_14.jpeg,57_Mickey_Beagle,4.Resultados_ext_caracteristicas/Eigen_Perros/K_50/14_Cody_Pug/14_Cody_Pug_3.png,14_Cody_Pug,5452.06025278518
4.Resultados_ext_caracteristicas/Eigen_Perros_QUERY/K_1/57_Mickey_Beagle/57_Mickey_Beagle_14.jpeg,57_Mickey_Beagle,4.Resultados_ext_caracteristicas/Eigen_Perros/K_50/14_Cody_Pug/14_Cody_Pug_2.png,14_Cody_Pug,4174.472182204596
4.Resultados_ext_caracteristicas/Eigen_Perros_QUERY/K_1/57_Mickey_Beagle/57_Mickey_Beagle_14.jpeg,57_Mickey_Beagle,4.Resultados_ext_caracteristicas/Eigen_Perros/K_50/8_Bella_Husky/8_Bella_Husky_3.png,8_Bella_Husky,4799.292135304956
4.Resultados_ext_caracteristicas/Eigen_Perros_QUERY/K_1/57_Mickey_Beagle/57_Mickey_Beagle_14.jpeg,57_Mickey_Beagle,4.Resultados_ext_caracteristicas/Eigen_Perros/K_50/8_Bella_Husky/8_Bella_Husky_2.png,8_Bella_Husky,4068.8880544935123
4.Resultados_ext_caracteristicas/Eigen_Perros_QUERY/K_1/57_Mickey_Beagle/57_Mickey_Beagle_14.jpeg,57_Mickey_Beagle,4.Resultados_ext_caracteristicas/Eigen_Perros/K_50/8_Bella_Husky/8_Bella_Husky_1.png,8_Bella_Husky,5069.476304313888
4.Resultados_ext_caracteristicas/Eigen_Perros_QUERY/K_1/57_Mickey_Beagle/57_Mickey_Beagle_14.jpeg,57_Mickey_Beagle,4.Resultados_ext_caracteristicas/Eigen_Perros/K_50/8_Bella_Husky/8_Bella_Husky_4.png,8_Bella_Husky,5223.087018229737
4.Resultados_ext_caracteristicas/Eigen_Perros_QUERY/K_1/57_Mickey_Beagle/57_Mickey_Beagle_14.jpeg,57_Mickey_Beagle,4.Resultados_ext_caracteristicas/Eigen_Perros/K_50/8_Bella_Husky/8_Bella_Husky_5.png,8_Bella_Husky,4861.250970686455
4.Resultados_ext_caracteristicas/Eigen_Perros_QUERY/K_1/57_Mickey_Beagle/57_Mickey_Beagle_14.jpeg,57_Mickey_Beagle,4.Resultados_ext_caracteristicas/Eigen_Perros/K_50/8_Bella_Husky/8_Bella_Husky_8.png,8_Bella_Husky,5805.286556234757
4.Resultados_ext_caracteristicas/Eigen_Perros_QUERY/K_1/57_Mickey_Beagle/57_Mickey_Beagle_14.jpeg,57_Mickey_Beagle,4.Resultados_ext_caracteristicas/Eigen_Perros/K_50/8_Bella_Husky/8_Bella_Husky_6.png,8_Bella_Husky,3717.8778893341832
4.Resultados_ext_caracteristicas/Eigen_Perros_QUERY/K_1/57_Mickey_Beagle/57_Mickey_Beagle_14.jpeg,57_Mickey_Beagle,4.Resultados_ext_caracteristicas/Eigen_Perros/K_50/8_Bella_Husky/8_Bella_Husky_7.png,8_Bella_Husky,3486.231919996144
4.Resultados_ext_caracteristicas/Eigen_Perros_QUERY/K_1/57_Mickey_Beagle/57_Mickey_Beagle_14.jpeg,57_Mickey_Beagle,4.Resultados_ext_caracteristicas/Eigen_Perros/K_50/9_Bella_Theresa_Husky/9_Bella_Theresa_Husky_5.png,9_Bella_Theresa_Husky,2964.3113871521664
4.Resultados_ext_caracteristicas/Eigen_Perros_QUERY/K_1/57_Mickey_Beagle/57_Mickey_Beagle_14.jpeg,57_Mickey_Beagle,4.Resultados_ext_caracteristicas/Eigen_Perros/K_50/9_Bella_Theresa_Husky/9_Bella_Theresa_Husky_2.png,9_Bella_Theresa_Husky,2876.7359976195244
4.Resultados_ext_caracteristicas/Eigen_Perros_QUERY/K_1/57_Mickey_Beagle/57_Mickey_Beagle_14.jpeg,57_Mickey_Beagle,4.Resultados_ext_caracteristicas/Eigen_Perros/K_50/9_Bella_Theresa_Husky/9_Bella_Theresa_Husky_4.png,9_Bella_Theresa_Husky,4235.297037989189
4.Resultados_ext_caracteristicas/Eigen_Perros_QUERY/K_1/57_Mickey_Beagle/57_Mickey_Beagle_14.jpeg,57_Mickey_Beagle,4.Resultados_ext_caracteristicas/Eigen_Perros/K_50/9_Bella_Theresa_Husky/9_Bella_Theresa_Husky_7.png,9_Bella_Theresa_Husky,3720.3454140711183
4.Resultados_ext_caracteristicas/Eigen_Perros_QUERY/K_1/57_Mickey_Beagle/57_Mickey_Beagle_14.jpeg,57_Mickey_Beagle,4.Resultados_ext_caracteristicas/Eigen_Perros/K_50/9_Bella_Theresa_Husky/9_Bella_Theresa_Husky_6.png,9_Bella_Theresa_Husky,2906.7222089494553
4.Resultados_ext_caracteristicas/Eigen_Perros_QUERY/K_1/57_Mickey_Beagle/57_Mickey_Beagle_14.jpeg,57_Mickey_Beagle,4.Resultados_ext_caracteristicas/Eigen_Perros/K_50/9_Bella_Theresa_Husky/9_Bella_Theresa_Husky_1.png,9_Bella_Theresa_Husky,3853.31013545497
4.Resultados_ext_caracteristicas/Eigen_Perros_QUERY/K_1/57_Mickey_Beagle/57_Mickey_Beagle_14.jpeg,57_Mickey_Beagle,4.Resultados_ext_caracteristicas/Eigen_Perros/K_50/9_Bella_Theresa_Husky/9_Bella_Theresa_Husky_8.png,9_Bella_Theresa_Husky,4153.5963934884185
4.Resultados_ext_caracteristicas/Eigen_Perros_QUERY/K_1/57_Mickey_Beagle/57_Mickey_Beagle_14.jpeg,57_Mickey_Beagle,4.Resultados_ext_caracteristicas/Eigen_Perros/K_50/12_Blaxter_Pitbull/12_Blaxter_Pitbull_5.jpeg,12_Blaxter_Pitbull,2450.2997775782455
4.Resultados_ext_caracteristicas/Eigen_Perros_QUERY/K_1/57_Mickey_Beagle/57_Mickey_Beagle_14.jpeg,57_Mickey_Beagle,4.Resultados_ext_caracteristicas/Eigen_Perros/K_50/12_Blaxter_Pitbull/12_Blaxter_Pitbull_4.jpeg,12_Blaxter_Pitbull,3751.4769091652424
4.Resultados_ext_caracteristicas/Eigen_Perros_QUERY/K_1/57_Mickey_Beagle/57_Mickey_Beagle_14.jpeg,57_Mickey_Beagle,4.Resultados_ext_caracteristicas/Eigen_Perros/K_50/12_Blaxter_Pitbull/12_Blaxter_Pitbull_1.JPG,12_Blaxter_Pitbull,3296.5547166701176
4.Resultados_ext_caracteristicas/Eigen_Perros_QUERY/K_1/57_Mickey_Beagle/57_Mickey_Beagle_14.jpeg,57_Mickey_Beagle,4.Resultados_ext_caracteristicas/Eigen_Perros/K_50/12_Blaxter_Pitbull/12_Blaxter_Pitbull_2.jpg,12_Blaxter_Pitbull,2489.958835001093
4.Resultados_ext_caracteristicas/Eigen_Perros_QUERY/K_1/57_Mickey_Beagle/57_Mickey_Beagle_14.jpeg,57_Mickey_Beagle,4.Resultados_ext_caracteristicas/Eigen_Perros/K_50/2_AmericanBully_Yoko/2_AmericanBully_Yoko_3.jpeg,2_AmericanBully_Yoko,2725.4069420914007
4.Resultados_ext_caracteristicas/Eigen_Perros_QUERY/K_1/57_Mickey_Beagle/57_Mickey_Beagle_14.jpeg,57_Mickey_Beagle,4.Resultados_ext_caracteristicas/Eigen_Perros/K_50/2_AmericanBully_Yoko/2_AmericanBully_Yoko_1.jpeg,2_AmericanBully_Yoko,4785.916840063145
4.Resultados_ext_caracteristicas/Eigen_Perros_QUERY/K_1/57_Mickey_Beagle/57_Mickey_Beagle_14.jpeg,57_Mickey_Beagle,4.Resultados_ext_caracteristicas/Eigen_Perros/K_50/2_AmericanBully_Yoko/2_AmericanBully_Yoko_5.jpeg,2_AmericanBully_Yoko,2394.4109922901707
4.Resultados_ext_caracteristicas/Eigen_Perros_QUERY/K_1/57_Mickey_Beagle/57_Mickey_Beagle_14.jpeg,57_Mickey_Beagle,4.Resultados_ext_caracteristicas/Eigen_Perros/K_50/2_AmericanBully_Yoko/2_AmericanBully_Yoko_8.jpeg,2_AmericanBully_Yoko,3202.935372435729
4.Resultados_ext_caracteristicas/Eigen_Perros_QUERY/K_1/57_Mickey_Beagle/57_Mickey_Beagle_14.jpeg,57_Mickey_Beagle,4.Resultados_ext_caracteristicas/Eigen_Perros/K_50/2_AmericanBully_Yoko/2_AmericanBully_Yoko_4.jpeg,2_AmericanBully_Yoko,4708.636957761768
4.Resultados_ext_caracteristicas/Eigen_Perros_QUERY/K_1/57_Mickey_Beagle/57_Mickey_Beagle_14.jpeg,57_Mickey_Beagle,4.Resultados_ext_caracteristicas/Eigen_Perros/K_50/2_AmericanBully_Yoko/2_AmericanBully_Yoko_7.jpeg,2_AmericanBully_Yoko,2890.806807796052
4.Resultados_ext_caracteristicas/Eigen_Perros_QUERY/K_1/57_Mickey_Beagle/57_Mickey_Beagle_14.jpeg,57_Mickey_Beagle,4.Resultados_ext_caracteristicas/Eigen_Perros/K_50/6_Bella_Kappel_Husky/6_Bella_Kappel_Husky_1.png,6_Bella_Kappel_Husky,3689.3447927782518
4.Resultados_ext_caracteristicas/Eigen_Perros_QUERY/K_1/57_Mickey_Beagle/57_Mickey_Beagle_14.jpeg,57_Mickey_Beagle,4.Resultados_ext_caracteristicas/Eigen_Perros/K_50/6_Bella_Kappel_Husky/6_Bella_Kappel_Husky_3.png,6_Bella_Kappel_Husky,3516.4098168444475
4.Resultados_ext_caracteristicas/Eigen_Perros_QUERY/K_1/57_Mickey_Beagle/57_Mickey_Beagle_14.jpeg,57_Mickey_Beagle,4.Resultados_ext_caracteristicas/Eigen_Perros/K_50/6_Bella_Kappel_Husky/6_Bella_Kappel_Husky_6.png,6_Bella_Kappel_Husky,3441.056523801956
4.Resultados_ext_caracteristicas/Eigen_Perros_QUERY/K_1/57_Mickey_Beagle/57_Mickey_Beagle_14.jpeg,57_Mickey_Beagle,4.Resultados_ext_caracteristicas/Eigen_Perros/K_50/6_Bella_Kappel_Husky/6_Bella_Kappel_Husky_7.png,6_Bella_Kappel_Husky,3379.6806062111846
4.Resultados_ext_caracteristicas/Eigen_Perros_QUERY/K_1/57_Mickey_Beagle/57_Mickey_Beagle_14.jpeg,57_Mickey_Beagle,4.Resultados_ext_caracteristicas/Eigen_Perros/K_50/6_Bella_Kappel_Husky/6_Bella_Kappel_Husky_2.png,6_Bella_Kappel_Husky,3781.333759402891
4.Resultados_ext_caracteristicas/Eigen_Perros_QUERY/K_1/57_Mickey_Beagle/57_Mickey_Beagle_14.jpeg,57_Mickey_Beagle,4.Resultados_ext_caracteristicas/Eigen_Perros/K_50/6_Bella_Kappel_Husky/6_Bella_Kappel_Husky_8.png,6_Bella_Kappel_Husky,3541.1516488283864
4.Resultados_ext_caracteristicas/Eigen_Perros_QUERY/K_1/57_Mickey_Beagle/57_Mickey_Beagle_14.jpeg,57_Mickey_Beagle,4.Resultados_ext_caracteristicas/Eigen_Perros/K_50/6_Bella_Kappel_Husky/6_Bella_Kappel_Husky_5.png,6_Bella_Kappel_Husky,3870.0624025976635
4.Resultados_ext_caracteristicas/Eigen_Perros_QUERY/K_1/57_Mickey_Beagle/57_Mickey_Beagle_14.jpeg,57_Mickey_Beagle,4.Resultados_ext_caracteristicas/Eigen_Perros/K_50/6_Bella_Kappel_Husky/6_Bella_Kappel_Husky_9.png,6_Bella_Kappel_Husky,3469.407153967375
4.Resultados_ext_caracteristicas/Eigen_Perros_QUERY/K_1/57_Mickey_Beagle/57_Mickey_Beagle_14.jpeg,57_Mickey_Beagle,4.Resultados_ext_caracteristicas/Eigen_Perros/K_50/23_Dante_Mixto/23_Dante_Mixto_1.jpeg,23_Dante_Mixto,3307.1581455987252
4.Resultados_ext_caracteristicas/Eigen_Perros_QUERY/K_1/57_Mickey_Beagle/57_Mickey_Beagle_14.jpeg,57_Mickey_Beagle,4.Resultados_ext_caracteristicas/Eigen_Perros/K_50/23_Dante_Mixto/23_Dante_Mixto_3.jpeg,23_Dante_Mixto,4162.948474338831
4.Resultados_ext_caracteristicas/Eigen_Perros_QUERY/K_1/57_Mickey_Beagle/57_Mickey_Beagle_14.jpeg,57_Mickey_Beagle,4.Resultados_ext_caracteristicas/Eigen_Perros/K_50/23_Dante_Mixto/23_Dante_Mixto_4.jpeg,23_Dante_Mixto,2712.365757046789
4.Resultados_ext_caracteristicas/Eigen_Perros_QUERY/K_1/57_Mickey_Beagle/57_Mickey_Beagle_14.jpeg,57_Mickey_Beagle,4.Resultados_ext_caracteristicas/Eigen_Perros/K_50/23_Dante_Mixto/23_Dante_Mixto_6.jpeg,23_Dante_Mixto,4012.255226178913
4.Resultados_ext_caracteristicas/Eigen_Perros_QUERY/K_1/57_Mickey_Beagle/57_Mickey_Beagle_14.jpeg,57_Mickey_Beagle,4.Resultados_ext_caracteristicas/Eigen_Perros/K_50/23_Dante_Mixto/23_Dante_Mixto_7.jpeg,23_Dante_Mixto,3726.901125600195
4.Resultados_ext_caracteristicas/Eigen_Perros_QUERY/K_1/57_Mickey_Beagle/57_Mickey_Beagle_14.jpeg,57_Mickey_Beagle,4.Resultados_ext_caracteristicas/Eigen_Perros/K_50/23_Dante_Mixto/23_Dante_Mixto_5.jpeg,23_Dante_Mixto,3744.47165832511
4.Resultados_ext_caracteristicas/Eigen_Perros_QUERY/K_1/57_Mickey_Beagle/57_Mickey_Beagle_14.jpeg,57_Mickey_Beagle,4.Resultados_ext_caracteristicas/Eigen_Perros/K_50/18_Chloe_Pug/18_Chloe_Pug_4.png,18_Chloe_Pug,5711.763650572387
4.Resultados_ext_caracteristicas/Eigen_Perros_QUERY/K_1/57_Mickey_Beagle/57_Mickey_Beagle_14.jpeg,57_Mickey_Beagle,4.Resultados_ext_caracteristicas/Eigen_Perros/K_50/18_Chloe_Pug/18_Chloe_Pug_2.png,18_Chloe_Pug,5802.122197954814
4.Resultados_ext_caracteristicas/Eigen_Perros_QUERY/K_1/57_Mickey_Beagle/57_Mickey_Beagle_14.jpeg,57_Mickey_Beagle,4.Resultados_ext_caracteristicas/Eigen_Perros/K_50/18_Chloe_Pug/18_Chloe_Pug_3.png,18_Chloe_Pug,6895.517311993351
4.Resultados_ext_caracteristicas/Eigen_Perros_QUERY/K_1/57_Mickey_Beagle/57_Mickey_Beagle_14.jpeg,57_Mickey_Beagle,4.Resultados_ext_caracteristicas/Eigen_Perros/K_50/18_Chloe_Pug/18_Chloe_Pug_5.png,18_Chloe_Pug,6882.166446693948
4.Resultados_ext_caracteristicas/Eigen_Perros_QUERY/K_1/57_Mickey_Beagle/57_Mickey_Beagle_14.jpeg,57_Mickey_Beagle,4.Resultados_ext_caracteristicas/Eigen_Perros/K_50/19_Bu_chan_Pug/19_Bu_chan_Pug_6.png,19_Bu_chan_Pug,2629.2599719312657
4.Resultados_ext_caracteristicas/Eigen_Perros_QUERY/K_1/57_Mickey_Beagle/57_Mickey_Beagle_14.jpeg,57_Mickey_Beagle,4.Resultados_ext_caracteristicas/Eigen_Perros/K_50/19_Bu_chan_Pug/19_Bu_chan_Pug_1.png,19_Bu_chan_Pug,4527.36004753322
4.Resultados_ext_caracteristicas/Eigen_Perros_QUERY/K_1/57_Mickey_Beagle/57_Mickey_Beagle_14.jpeg,57_Mickey_Beagle,4.Resultados_ext_caracteristicas/Eigen_Perros/K_50/19_Bu_chan_Pug/19_Bu_chan_Pug_2.png,19_Bu_chan_Pug,5093.896642060968
4.Resultados_ext_caracteristicas/Eigen_Perros_QUERY/K_1/57_Mickey_Beagle/57_Mickey_Beagle_14.jpeg,57_Mickey_Beagle,4.Resultados_ext_caracteristicas/Eigen_Perros/K_50/19_Bu_chan_Pug/19_Bu_chan_Pug_5.png,19_Bu_chan_Pug,4101.759744304876
4.Resultados_ext_caracteristicas/Eigen_Perros_QUERY/K_1/57_Mickey_Beagle/57_Mickey_Beagle_14.jpeg,57_Mickey_Beagle,4.Resultados_ext_caracteristicas/Eigen_Perros/K_50/19_Bu_chan_Pug/19_Bu_chan_Pug_4.png,19_Bu_chan_Pug,4162.84650209445
4.Resultados_ext_caracteristicas/Eigen_Perros_QUERY/K_1/57_Mickey_Beagle/57_Mickey_Beagle_14.jpeg,57_Mickey_Beagle,4.Resultados_ext_caracteristicas/Eigen_Perros/K_50/19_Bu_chan_Pug/19_Bu_chan_Pug_8.png,19_Bu_chan_Pug,3709.030601113989
4.Resultados_ext_caracteristicas/Eigen_Perros_QUERY/K_1/57_Mickey_Beagle/57_Mickey_Beagle_14.jpeg,57_Mickey_Beagle,4.Resultados_ext_caracteristicas/Eigen_Perros/K_50/19_Bu_chan_Pug/19_Bu_chan_Pug_7.png,19_Bu_chan_Pug,3548.940827909082
4.Resultados_ext_caracteristicas/Eigen_Perros_QUERY/K_1/57_Mickey_Beagle/57_Mickey_Beagle_14.jpeg,57_Mickey_Beagle,4.Resultados_ext_caracteristicas/Eigen_Perros/K_50/15_Clara_Pug/15_Clara_Pug_1.png,15_Clara_Pug,4197.573584822546
4.Resultados_ext_caracteristicas/Eigen_Perros_QUERY/K_1/57_Mickey_Beagle/57_Mickey_Beagle_14.jpeg,57_Mickey_Beagle,4.Resultados_ext_caracteristicas/Eigen_Perros/K_50/15_Clara_Pug/15_Clara_Pug_2.png,15_Clara_Pug,3455.586780852132
4.Resultados_ext_caracteristicas/Eigen_Perros_QUERY/K_1/57_Mickey_Beagle/57_Mickey_Beagle_14.jpeg,57_Mickey_Beagle,4.Resultados_ext_caracteristicas/Eigen_Perros/K_50/15_Clara_Pug/15_Clara_Pug_3.png,15_Clara_Pug,3930.0552158971
4.Resultados_ext_caracteristicas/Eigen_Perros_QUERY/K_1/57_Mickey_Beagle/57_Mickey_Beagle_14.jpeg,57_Mickey_Beagle,4.Resultados_ext_caracteristicas/Eigen_Perros/K_50/15_Clara_Pug/15_Clara_Pug_4.png,15_Clara_Pug,3646.2652125154036
4.Resultados_ext_caracteristicas/Eigen_Perros_QUERY/K_1/57_Mickey_Beagle/57_Mickey_Beagle_14.jpeg,57_Mickey_Beagle,4.Resultados_ext_caracteristicas/Eigen_Perros/K_50/15_Clara_Pug/15_Clara_Pug_8.png,15_Clara_Pug,4411.618637189756
4.Resultados_ext_caracteristicas/Eigen_Perros_QUERY/K_1/57_Mickey_Beagle/57_Mickey_Beagle_14.jpeg,57_Mickey_Beagle,4.Resultados_ext_caracteristicas/Eigen_Perros/K_50/15_Clara_Pug/15_Clara_Pug_6.png,15_Clara_Pug,3488.1192640160684
4.Resultados_ext_caracteristicas/Eigen_Perros_QUERY/K_1/57_Mickey_Beagle/57_Mickey_Beagle_14.jpeg,57_Mickey_Beagle,4.Resultados_ext_caracteristicas/Eigen_Perros/K_50/15_Clara_Pug/15_Clara_Pug_7.png,15_Clara_Pug,3901.3302859409378
4.Resultados_ext_caracteristicas/Eigen_Perros_QUERY/K_1/57_Mickey_Beagle/57_Mickey_Beagle_14.jpeg,57_Mickey_Beagle,4.Resultados_ext_caracteristicas/Eigen_Perros/K_50/15_Clara_Pug/15_Clara_Pug_9.png,15_Clara_Pug,4052.5546264054233
4.Resultados_ext_caracteristicas/Eigen_Perros_QUERY/K_1/57_Mickey_Beagle/57_Mickey_Beagle_14.jpeg,57_Mickey_Beagle,4.Resultados_ext_caracteristicas/Eigen_Perros/K_50/21_Capitan_PastorCollie/21_Capitan_PastorCollie_3.jpeg,21_Capitan_PastorCollie,3414.980380617142
4.Resultados_ext_caracteristicas/Eigen_Perros_QUERY/K_1/57_Mickey_Beagle/57_Mickey_Beagle_14.jpeg,57_Mickey_Beagle,4.Resultados_ext_caracteristicas/Eigen_Perros/K_50/21_Capitan_PastorCollie/21_Capitan_PastorCollie_6.jpeg,21_Capitan_PastorCollie,3023.653419292628
4.Resultados_ext_caracteristicas/Eigen_Perros_QUERY/K_1/57_Mickey_Beagle/57_Mickey_Beagle_14.jpeg,57_Mickey_Beagle,4.Resultados_ext_caracteristicas/Eigen_Perros/K_50/21_Capitan_PastorCollie/21_Capitan_PastorCollie_1.jpeg,21_Capitan_PastorCollie,3282.3118377143874
4.Resultados_ext_caracteristicas/Eigen_Perros_QUERY/K_1/57_Mickey_Beagle/57_Mickey_Beagle_14.jpeg,57_Mickey_Beagle,4.Resultados_ext_caracteristicas/Eigen_Perros/K_50/21_Capitan_PastorCollie/21_Capitan_PastorCollie_5.jpeg,21_Capitan_PastorCollie,3806.93288619592
4.Resultados_ext_caracteristicas/Eigen_Perros_QUERY/K_1/57_Mickey_Beagle/57_Mickey_Beagle_14.jpeg,57_Mickey_Beagle,4.Resultados_ext_caracteristicas/Eigen_Perros/K_50/21_Capitan_PastorCollie/21_Capitan_PastorCollie_2.jpeg,21_Capitan_PastorCollie,3449.068569918551
4.Resultados_ext_caracteristicas/Eigen_Perros_QUERY/K_1/57_Mickey_Beagle/57_Mickey_Beagle_14.jpeg,57_Mickey_Beagle,4.Resultados_ext_caracteristicas/Eigen_Perros/K_50/21_Capitan_PastorCollie/21_Capitan_PastorCollie_9.jpeg,21_Capitan_PastorCollie,3513.847037080584
4.Resultados_ext_caracteristicas/Eigen_Perros_QUERY/K_1/57_Mickey_Beagle/57_Mickey_Beagle_14.jpeg,57_Mickey_Beagle,4.Resultados_ext_caracteristicas/Eigen_Perros/K_50/21_Capitan_PastorCollie/21_Capitan_PastorCollie_4.jpeg,21_Capitan_PastorCollie,3285.8838993488494
4.Resultados_ext_caracteristicas/Eigen_Perros_QUERY/K_1/57_Mickey_Beagle/57_Mickey_Beagle_14.jpeg,57_Mickey_Beagle,4.Resultados_ext_caracteristicas/Eigen_Perros/K_50/21_Capitan_PastorCollie/21_Capitan_PastorCollie_7.jpeg,21_Capitan_PastorCollie,4549.840216974658
4.Resultados_ext_caracteristicas/Eigen_Perros_QUERY/K_1/57_Mickey_Beagle/57_Mickey_Beagle_14.jpeg,57_Mickey_Beagle,4.Resultados_ext_caracteristicas/Eigen_Perros/K_50/21_Capitan_PastorCollie/21_Capitan_PastorCollie_12.jpeg,21_Capitan_PastorCollie,4187.026629960693
4.Resultados_ext_caracteristicas/Eigen_Perros_QUERY/K_1/57_Mickey_Beagle/57_Mickey_Beagle_14.jpeg,57_Mickey_Beagle,4.Resultados_ext_caracteristicas/Eigen_Perros/K_50/21_Capitan_PastorCollie/21_Capitan_PastorCollie_10.jpeg,21_Capitan_PastorCollie,2843.011255693512
4.Resultados_ext_caracteristicas/Eigen_Perros_QUERY/K_1/57_Mickey_Beagle/57_Mickey_Beagle_14.jpeg,57_Mickey_Beagle,4.Resultados_ext_caracteristicas/Eigen_Perros/K_50/21_Capitan_PastorCollie/21_Capitan_PastorCollie_11.jpeg,21_Capitan_PastorCollie,3356.116654706746
4.Resultados_ext_caracteristicas/Eigen_Perros_QUERY/K_1/57_Mickey_Beagle/57_Mickey_Beagle_14.jpeg,57_Mickey_Beagle,4.Resultados_ext_caracteristicas/Eigen_Perros/K_50/25_Dakota_CNC_Husky/25_Dakota_CNC_Husky_3.png,25_Dakota_CNC_Husky,3864.0201862826752
4.Resultados_ext_caracteristicas/Eigen_Perros_QUERY/K_1/57_Mickey_Beagle/57_Mickey_Beagle_14.jpeg,57_Mickey_Beagle,4.Resultados_ext_caracteristicas/Eigen_Perros/K_50/25_Dakota_CNC_Husky/25_Dakota_CNC_Husky_5.png,25_Dakota_CNC_Husky,3136.997449791759
4.Resultados_ext_caracteristicas/Eigen_Perros_QUERY/K_1/57_Mickey_Beagle/57_Mickey_Beagle_14.jpeg,57_Mickey_Beagle,4.Resultados_ext_caracteristicas/Eigen_Perros/K_50/25_Dakota_CNC_Husky/25_Dakota_CNC_Husky_4.png,25_Dakota_CNC_Husky,3033.309743498016
4.Resultados_ext_caracteristicas/Eigen_Perros_QUERY/K_1/57_Mickey_Beagle/57_Mickey_Beagle_14.jpeg,57_Mickey_Beagle,4.Resultados_ext_caracteristicas/Eigen_Perros/K_50/25_Dakota_CNC_Husky/25_Dakota_CNC_Husky_2.png,25_Dakota_CNC_Husky,3749.79319429752
4.Resultados_ext_caracteristicas/Eigen_Perros_QUERY/K_1/57_Mickey_Beagle/57_Mickey_Beagle_14.jpeg,57_Mickey_Beagle,4.Resultados_ext_caracteristicas/Eigen_Perros/K_50/27_Doris_Pug/27_Doris_Pug_6.png,27_Doris_Pug,4364.221580075879
4.Resultados_ext_caracteristicas/Eigen_Perros_QUERY/K_1/57_Mickey_Beagle/57_Mickey_Beagle_14.jpeg,57_Mickey_Beagle,4.Resultados_ext_caracteristicas/Eigen_Perros/K_50/27_Doris_Pug/27_Doris_Pug_7.png,27_Doris_Pug,4109.478312389542
4.Resultados_ext_caracteristicas/Eigen_Perros_QUERY/K_1/57_Mickey_Beagle/57_Mickey_Beagle_14.jpeg,57_Mickey_Beagle,4.Resultados_ext_caracteristicas/Eigen_Perros/K_50/27_Doris_Pug/27_Doris_Pug_4.png,27_Doris_Pug,3851.4758210327636
4.Resultados_ext_caracteristicas/Eigen_Perros_QUERY/K_1/57_Mickey_Beagle/57_Mickey_Beagle_14.jpeg,57_Mickey_Beagle,4.Resultados_ext_caracteristicas/Eigen_Perros/K_50/27_Doris_Pug/27_Doris_Pug_2.png,27_Doris_Pug,3808.678248421623
4.Resultados_ext_caracteristicas/Eigen_Perros_QUERY/K_1/57_Mickey_Beagle/57_Mickey_Beagle_14.jpeg,57_Mickey_Beagle,4.Resultados_ext_caracteristicas/Eigen_Perros/K_50/27_Doris_Pug/27_Doris_Pug_1.png,27_Doris_Pug,3741.0453084666055
4.Resultados_ext_caracteristicas/Eigen_Perros_QUERY/K_1/57_Mickey_Beagle/57_Mickey_Beagle_14.jpeg,57_Mickey_Beagle,4.Resultados_ext_caracteristicas/Eigen_Perros/K_50/27_Doris_Pug/27_Doris_Pug_3.png,27_Doris_Pug,4097.538407385586
4.Resultados_ext_caracteristicas/Eigen_Perros_QUERY/K_1/57_Mickey_Beagle/57_Mickey_Beagle_14.jpeg,57_Mickey_Beagle,4.Resultados_ext_caracteristicas/Eigen_Perros/K_50/28_Dina_BorderCollie/28_Dina_BorderCollie_5.jpeg,28_Dina_BorderCollie,4264.636209572864
4.Resultados_ext_caracteristicas/Eigen_Perros_QUERY/K_1/57_Mickey_Beagle/57_Mickey_Beagle_14.jpeg,57_Mickey_Beagle,4.Resultados_ext_caracteristicas/Eigen_Perros/K_50/28_Dina_BorderCollie/28_Dina_BorderCollie_7.jpeg,28_Dina_BorderCollie,4573.093154529
4.Resultados_ext_caracteristicas/Eigen_Perros_QUERY/K_1/57_Mickey_Beagle/57_Mickey_Beagle_14.jpeg,57_Mickey_Beagle,4.Resultados_ext_caracteristicas/Eigen_Perros/K_50/28_Dina_BorderCollie/28_Dina_BorderCollie_6.jpeg,28_Dina_BorderCollie,4779.126698466991
4.Resultados_ext_caracteristicas/Eigen_Perros_QUERY/K_1/57_Mickey_Beagle/57_Mickey_Beagle_14.jpeg,57_Mickey_Beagle,4.Resultados_ext_caracteristicas/Eigen_Perros/K_50/28_Dina_BorderCollie/28_Dina_BorderCollie_2.jpeg,28_Dina_BorderCollie,4430.967501573443
4.Resultados_ext_caracteristicas/Eigen_Perros_QUERY/K_1/57_Mickey_Beagle/57_Mickey_Beagle_14.jpeg,57_Mickey_Beagle,4.Resultados_ext_caracteristicas/Eigen_Perros/K_50/28_Dina_BorderCollie/28_Dina_BorderCollie_3.jpeg,28_Dina_BorderCollie,3999.6497346642745
4.Resultados_ext_caracteristicas/Eigen_Perros_QUERY/K_1/57_Mickey_Beagle/57_Mickey_Beagle_14.jpeg,57_Mickey_Beagle,4.Resultados_ext_caracteristicas/Eigen_Perros/K_50/28_Dina_BorderCollie/28_Dina_BorderCollie_4.jpeg,28_Dina_BorderCollie,4018.775186546269
4.Resultados_ext_caracteristicas/Eigen_Perros_QUERY/K_1/57_Mickey_Beagle/57_Mickey_Beagle_14.jpeg,57_Mickey_Beagle,4.Resultados_ext_caracteristicas/Eigen_Perros/K_50/20_Canela_Criollo/20_Canela_Criollo_5.jpeg,20_Canela_Criollo,3826.2296062834494
4.Resultados_ext_caracteristicas/Eigen_Perros_QUERY/K_1/57_Mickey_Beagle/57_Mickey_Beagle_14.jpeg,57_Mickey_Beagle,4.Resultados_ext_caracteristicas/Eigen_Perros/K_50/20_Canela_Criollo/20_Canela_Criollo_3.jpeg,20_Canela_Criollo,4544.347587938229
4.Resultados_ext_caracteristicas/Eigen_Perros_QUERY/K_1/57_Mickey_Beagle/57_Mickey_Beagle_14.jpeg,57_Mickey_Beagle,4.Resultados_ext_caracteristicas/Eigen_Perros/K_50/20_Canela_Criollo/20_Canela_Criollo_4.jpeg,20_Canela_Criollo,4518.681444846494
4.Resultados_ext_caracteristicas/Eigen_Perros_QUERY/K_1/57_Mickey_Beagle/57_Mickey_Beagle_14.jpeg,57_Mickey_Beagle,4.Resultados_ext_caracteristicas/Eigen_Perros/K_50/20_Canela_Criollo/20_Canela_Criollo_2.jpeg,20_Canela_Criollo,3668.659019314823
4.Resultados_ext_caracteristicas/Eigen_Perros_QUERY/K_1/57_Mickey_Beagle/57_Mickey_Beagle_14.jpeg,57_Mickey_Beagle,4.Resultados_ext_caracteristicas/Eigen_Perros/K_50/16_Chesnut_Criollo/16_Chesnut_Criollo_3.jpeg,16_Chesnut_Criollo,3573.3435323237536
4.Resultados_ext_caracteristicas/Eigen_Perros_QUERY/K_1/57_Mickey_Beagle/57_Mickey_Beagle_14.jpeg,57_Mickey_Beagle,4.Resultados_ext_caracteristicas/Eigen_Perros/K_50/16_Chesnut_Criollo/16_Chesnut_Criollo_4.jpeg,16_Chesnut_Criollo,4241.566102278733
4.Resultados_ext_caracteristicas/Eigen_Perros_QUERY/K_1/57_Mickey_Beagle/57_Mickey_Beagle_14.jpeg,57_Mickey_Beagle,4.Resultados_ext_caracteristicas/Eigen_Perros/K_50/16_Chesnut_Criollo/16_Chesnut_Criollo_1.jpeg,16_Chesnut_Criollo,3426.1530905667364
4.Resultados_ext_caracteristicas/Eigen_Perros_QUERY/K_1/57_Mickey_Beagle/57_Mickey_Beagle_14.jpeg,57_Mickey_Beagle,4.Resultados_ext_caracteristicas/Eigen_Perros/K_50/16_Chesnut_Criollo/16_Chesnut_Criollo_5.jpeg,16_Chesnut_Criollo,4162.343690758849
4.Resultados_ext_caracteristicas/Eigen_Perros_QUERY/K_1/57_Mickey_Beagle/57_Mickey_Beagle_14.jpeg,57_Mickey_Beagle,4.Resultados_ext_caracteristicas/Eigen_Perros/K_50/16_Chesnut_Criollo/16_Chesnut_Criollo_9.jpeg,16_Chesnut_Criollo,3632.3905351710187
4.Resultados_ext_caracteristicas/Eigen_Perros_QUERY/K_1/57_Mickey_Beagle/57_Mickey_Beagle_14.jpeg,57_Mickey_Beagle,4.Resultados_ext_caracteristicas/Eigen_Perros/K_50/16_Chesnut_Criollo/16_Chesnut_Criollo_8.jpeg,16_Chesnut_Criollo,3917.160834073577
4.Resultados_ext_caracteristicas/Eigen_Perros_QUERY/K_1/57_Mickey_Beagle/57_Mickey_Beagle_14.jpeg,57_Mickey_Beagle,4.Resultados_ext_caracteristicas/Eigen_Perros/K_50/16_Chesnut_Criollo/16_Chesnut_Criollo_7.jpeg,16_Chesnut_Criollo,3842.710892065652
4.Resultados_ext_caracteristicas/Eigen_Perros_QUERY/K_1/57_Mickey_Beagle/57_Mickey_Beagle_14.jpeg,57_Mickey_Beagle,4.Resultados_ext_caracteristicas/Eigen_Perros/K_50/33_Eimmy_Beagle/33_Eimmy_Beagle_7.jpeg,33_Eimmy_Beagle,3463.4604083199797
4.Resultados_ext_caracteristicas/Eigen_Perros_QUERY/K_1/57_Mickey_Beagle/57_Mickey_Beagle_14.jpeg,57_Mickey_Beagle,4.Resultados_ext_caracteristicas/Eigen_Perros/K_50/33_Eimmy_Beagle/33_Eimmy_Beagle_8.jpeg,33_Eimmy_Beagle,3510.187459381621
4.Resultados_ext_caracteristicas/Eigen_Perros_QUERY/K_1/57_Mickey_Beagle/57_Mickey_Beagle_14.jpeg,57_Mickey_Beagle,4.Resultados_ext_caracteristicas/Eigen_Perros/K_50/33_Eimmy_Beagle/33_Eimmy_Beagle_4.jpeg,33_Eimmy_Beagle,3562.950041749112
4.Resultados_ext_caracteristicas/Eigen_Perros_QUERY/K_1/57_Mickey_Beagle/57_Mickey_Beagle_14.jpeg,57_Mickey_Beagle,4.Resultados_ext_caracteristicas/Eigen_Perros/K_50/33_Eimmy_Beagle/33_Eimmy_Beagle_2.jpeg,33_Eimmy_Beagle,3608.81601082682
4.Resultados_ext_caracteristicas/Eigen_Perros_QUERY/K_1/57_Mickey_Beagle/57_Mickey_Beagle_14.jpeg,57_Mickey_Beagle,4.Resultados_ext_caracteristicas/Eigen_Perros/K_50/33_Eimmy_Beagle/33_Eimmy_Beagle_3.jpeg,33_Eimmy_Beagle,4205.921064404324
4.Resultados_ext_caracteristicas/Eigen_Perros_QUERY/K_1/57_Mickey_Beagle/57_Mickey_Beagle_14.jpeg,57_Mickey_Beagle,4.Resultados_ext_caracteristicas/Eigen_Perros/K_50/33_Eimmy_Beagle/33_Eimmy_Beagle_5.jpeg,33_Eimmy_Beagle,3716.3202230163106
4.Resultados_ext_caracteristicas/Eigen_Perros_QUERY/K_1/57_Mickey_Beagle/57_Mickey_Beagle_14.jpeg,57_Mickey_Beagle,4.Resultados_ext_caracteristicas/Eigen_Perros/K_50/33_Eimmy_Beagle/33_Eimmy_Beagle_1.jpeg,33_Eimmy_Beagle,3265.996325778705
4.Resultados_ext_caracteristicas/Eigen_Perros_QUERY/K_1/57_Mickey_Beagle/57_Mickey_Beagle_14.jpeg,57_Mickey_Beagle,4.Resultados_ext_caracteristicas/Eigen_Perros/K_50/29_Husky_Jonva/29_Husky_Jonva_1.jpeg,29_Husky_Jonva,3072.609965485369
4.Resultados_ext_caracteristicas/Eigen_Perros_QUERY/K_1/57_Mickey_Beagle/57_Mickey_Beagle_14.jpeg,57_Mickey_Beagle,4.Resultados_ext_caracteristicas/Eigen_Perros/K_50/29_Husky_Jonva/29_Husky_Jonva_2.jpeg,29_Husky_Jonva,3072.609965485369
4.Resultados_ext_caracteristicas/Eigen_Perros_QUERY/K_1/57_Mickey_Beagle/57_Mickey_Beagle_14.jpeg,57_Mickey_Beagle,4.Resultados_ext_caracteristicas/Eigen_Perros/K_50/29_Husky_Jonva/29_Husky_Jonva_3.jpeg,29_Husky_Jonva,4438.277593842007
4.Resultados_ext_caracteristicas/Eigen_Perros_QUERY/K_1/57_Mickey_Beagle/57_Mickey_Beagle_14.jpeg,57_Mickey_Beagle,4.Resultados_ext_caracteristicas/Eigen_Perros/K_50/29_Husky_Jonva/29_Husky_Jonva_8.jpeg,29_Husky_Jonva,3796.5996628562248
4.Resultados_ext_caracteristicas/Eigen_Perros_QUERY/K_1/57_Mickey_Beagle/57_Mickey_Beagle_14.jpeg,57_Mickey_Beagle,4.Resultados_ext_caracteristicas/Eigen_Perros/K_50/29_Husky_Jonva/29_Husky_Jonva_9.jpeg,29_Husky_Jonva,3477.6243327881175
4.Resultados_ext_caracteristicas/Eigen_Perros_QUERY/K_1/57_Mickey_Beagle/57_Mickey_Beagle_14.jpeg,57_Mickey_Beagle,4.Resultados_ext_caracteristicas/Eigen_Perros/K_50/29_Husky_Jonva/29_Husky_Jonva_4.jpeg,29_Husky_Jonva,4438.277593842007
4.Resultados_ext_caracteristicas/Eigen_Perros_QUERY/K_1/57_Mickey_Beagle/57_Mickey_Beagle_14.jpeg,57_Mickey_Beagle,4.Resultados_ext_caracteristicas/Eigen_Perros/K_50/29_Husky_Jonva/29_Husky_Jonva_12.jpeg,29_Husky_Jonva,4279.62194591999
4.Resultados_ext_caracteristicas/Eigen_Perros_QUERY/K_1/57_Mickey_Beagle/57_Mickey_Beagle_14.jpeg,57_Mickey_Beagle,4.Resultados_ext_caracteristicas/Eigen_Perros/K_50/29_Husky_Jonva/29_Husky_Jonva_10.jpeg,29_Husky_Jonva,3215.3354412875806
4.Resultados_ext_caracteristicas/Eigen_Perros_QUERY/K_1/57_Mickey_Beagle/57_Mickey_Beagle_14.jpeg,57_Mickey_Beagle,4.Resultados_ext_caracteristicas/Eigen_Perros/K_50/29_Husky_Jonva/29_Husky_Jonva_11.jpeg,29_Husky_Jonva,3370.757481635248
4.Resultados_ext_caracteristicas/Eigen_Perros_QUERY/K_1/57_Mickey_Beagle/57_Mickey_Beagle_14.jpeg,57_Mickey_Beagle,4.Resultados_ext_caracteristicas/Eigen_Perros/K_50/29_Husky_Jonva/29_Husky_Jonva_13.jpeg,29_Husky_Jonva,3070.7966393103925
4.Resultados_ext_caracteristicas/Eigen_Perros_QUERY/K_1/57_Mickey_Beagle/57_Mickey_Beagle_14.jpeg,57_Mickey_Beagle,4.Resultados_ext_caracteristicas/Eigen_Perros/K_50/29_Husky_Jonva/29_Husky_Jonva_14.jpeg,29_Husky_Jonva,3070.7966393103925
4.Resultados_ext_caracteristicas/Eigen_Perros_QUERY/K_1/57_Mickey_Beagle/57_Mickey_Beagle_14.jpeg,57_Mickey_Beagle,4.Resultados_ext_caracteristicas/Eigen_Perros/K_50/29_Husky_Jonva/29_Husky_Jonva_7.jpeg,29_Husky_Jonva,2691.230016182192
4.Resultados_ext_caracteristicas/Eigen_Perros_QUERY/K_1/57_Mickey_Beagle/57_Mickey_Beagle_14.jpeg,57_Mickey_Beagle,4.Resultados_ext_caracteristicas/Eigen_Perros/K_50/29_Husky_Jonva/29_Husky_Jonva_6.jpeg,29_Husky_Jonva,2513.8896157150575
4.Resultados_ext_caracteristicas/Eigen_Perros_QUERY/K_1/57_Mickey_Beagle/57_Mickey_Beagle_14.jpeg,57_Mickey_Beagle,4.Resultados_ext_caracteristicas/Eigen_Perros/K_50/30_Injun_Husky/30_Injun_Husky_8.png,30_Injun_Husky,3403.5328704156805
4.Resultados_ext_caracteristicas/Eigen_Perros_QUERY/K_1/57_Mickey_Beagle/57_Mickey_Beagle_14.jpeg,57_Mickey_Beagle,4.Resultados_ext_caracteristicas/Eigen_Perros/K_50/30_Injun_Husky/30_Injun_Husky_3.png,30_Injun_Husky,4919.5660377720305
4.Resultados_ext_caracteristicas/Eigen_Perros_QUERY/K_1/57_Mickey_Beagle/57_Mickey_Beagle_14.jpeg,57_Mickey_Beagle,4.Resultados_ext_caracteristicas/Eigen_Perros/K_50/30_Injun_Husky/30_Injun_Husky_7.png,30_Injun_Husky,3907.980168834023
4.Resultados_ext_caracteristicas/Eigen_Perros_QUERY/K_1/57_Mickey_Beagle/57_Mickey_Beagle_14.jpeg,57_Mickey_Beagle,4.Resultados_ext_caracteristicas/Eigen_Perros/K_50/30_Injun_Husky/30_Injun_Husky_5.png,30_Injun_Husky,5047.25658155002
4.Resultados_ext_caracteristicas/Eigen_Perros_QUERY/K_1/57_Mickey_Beagle/57_Mickey_Beagle_14.jpeg,57_Mickey_Beagle,4.Resultados_ext_caracteristicas/Eigen_Perros/K_50/30_Injun_Husky/30_Injun_Husky_1.png,30_Injun_Husky,4368.961203764575
4.Resultados_ext_caracteristicas/Eigen_Perros_QUERY/K_1/57_Mickey_Beagle/57_Mickey_Beagle_14.jpeg,57_Mickey_Beagle,4.Resultados_ext_caracteristicas/Eigen_Perros/K_50/30_Injun_Husky/30_Injun_Husky_6.png,30_Injun_Husky,4246.801031364667
4.Resultados_ext_caracteristicas/Eigen_Perros_QUERY/K_1/57_Mickey_Beagle/57_Mickey_Beagle_14.jpeg,57_Mickey_Beagle,4.Resultados_ext_caracteristicas/Eigen_Perros/K_50/30_Injun_Husky/30_Injun_Husky_2.png,30_Injun_Husky,5030.220671103803
4.Resultados_ext_caracteristicas/Eigen_Perros_QUERY/K_1/57_Mickey_Beagle/57_Mickey_Beagle_14.jpeg,57_Mickey_Beagle,4.Resultados_ext_caracteristicas/Eigen_Perros/K_50/30_Injun_Husky/30_Injun_Husky_10.png,30_Injun_Husky,3013.7456760649197
4.Resultados_ext_caracteristicas/Eigen_Perros_QUERY/K_1/57_Mickey_Beagle/57_Mickey_Beagle_14.jpeg,57_Mickey_Beagle,4.Resultados_ext_caracteristicas/Eigen_Perros/K_50/30_Injun_Husky/30_Injun_Husky_9.png,30_Injun_Husky,4510.344000184465
4.Resultados_ext_caracteristicas/Eigen_Perros_QUERY/K_1/57_Mickey_Beagle/57_Mickey_Beagle_14.jpeg,57_Mickey_Beagle,4.Resultados_ext_caracteristicas/Eigen_Perros/K_50/32_Duke_Pug/32_Duke_Pug_2.png,32_Duke_Pug,4383.122859332145
4.Resultados_ext_caracteristicas/Eigen_Perros_QUERY/K_1/57_Mickey_Beagle/57_Mickey_Beagle_14.jpeg,57_Mickey_Beagle,4.Resultados_ext_caracteristicas/Eigen_Perros/K_50/32_Duke_Pug/32_Duke_Pug_1.png,32_Duke_Pug,4034.346663339679
4.Resultados_ext_caracteristicas/Eigen_Perros_QUERY/K_1/57_Mickey_Beagle/57_Mickey_Beagle_14.jpeg,57_Mickey_Beagle,4.Resultados_ext_caracteristicas/Eigen_Perros/K_50/32_Duke_Pug/32_Duke_Pug_5.png,32_Duke_Pug,3909.7753132373223
4.Resultados_ext_caracteristicas/Eigen_Perros_QUERY/K_1/57_Mickey_Beagle/57_Mickey_Beagle_14.jpeg,57_Mickey_Beagle,4.Resultados_ext_caracteristicas/Eigen_Perros/K_50/32_Duke_Pug/32_Duke_Pug_3.png,32_Duke_Pug,3947.8635994674387
4.Resultados_ext_caracteristicas/Eigen_Perros_QUERY/K_1/57_Mickey_Beagle/57_Mickey_Beagle_14.jpeg,57_Mickey_Beagle,4.Resultados_ext_caracteristicas/Eigen_Perros/K_50/32_Duke_Pug/32_Duke_Pug_6.png,32_Duke_Pug,3952.0866640295226
4.Resultados_ext_caracteristicas/Eigen_Perros_QUERY/K_1/57_Mickey_Beagle/57_Mickey_Beagle_14.jpeg,57_Mickey_Beagle,4.Resultados_ext_caracteristicas/Eigen_Perros/K_50/32_Duke_Pug/32_Duke_Pug_11.png,32_Duke_Pug,4240.710671573811
4.Resultados_ext_caracteristicas/Eigen_Perros_QUERY/K_1/57_Mickey_Beagle/57_Mickey_Beagle_14.jpeg,57_Mickey_Beagle,4.Resultados_ext_caracteristicas/Eigen_Perros/K_50/32_Duke_Pug/32_Duke_Pug_12.png,32_Duke_Pug,3671.2866954243714
4.Resultados_ext_caracteristicas/Eigen_Perros_QUERY/K_1/57_Mickey_Beagle/57_Mickey_Beagle_14.jpeg,57_Mickey_Beagle,4.Resultados_ext_caracteristicas/Eigen_Perros/K_50/32_Duke_Pug/32_Duke_Pug_13.png,32_Duke_Pug,3689.9785907237997
4.Resultados_ext_caracteristicas/Eigen_Perros_QUERY/K_1/57_Mickey_Beagle/57_Mickey_Beagle_14.jpeg,57_Mickey_Beagle,4.Resultados_ext_caracteristicas/Eigen_Perros/K_50/32_Duke_Pug/32_Duke_Pug_14.png,32_Duke_Pug,4062.417999172414
4.Resultados_ext_caracteristicas/Eigen_Perros_QUERY/K_1/57_Mickey_Beagle/57_Mickey_Beagle_14.jpeg,57_Mickey_Beagle,4.Resultados_ext_caracteristicas/Eigen_Perros/K_50/32_Duke_Pug/32_Duke_Pug_4.png,32_Duke_Pug,3610.0333793470663
4.Resultados_ext_caracteristicas/Eigen_Perros_QUERY/K_1/57_Mickey_Beagle/57_Mickey_Beagle_14.jpeg,57_Mickey_Beagle,4.Resultados_ext_caracteristicas/Eigen_Perros/K_50/32_Duke_Pug/32_Duke_Pug_10.png,32_Duke_Pug,4107.894229407569
4.Resultados_ext_caracteristicas/Eigen_Perros_QUERY/K_1/57_Mickey_Beagle/57_Mickey_Beagle_14.jpeg,57_Mickey_Beagle,4.Resultados_ext_caracteristicas/Eigen_Perros/K_50/32_Duke_Pug/32_Duke_Pug_8.png,32_Duke_Pug,4102.008166739798
4.Resultados_ext_caracteristicas/Eigen_Perros_QUERY/K_1/57_Mickey_Beagle/57_Mickey_Beagle_14.jpeg,57_Mickey_Beagle,4.Resultados_ext_caracteristicas/Eigen_Perros/K_50/32_Duke_Pug/32_Duke_Pug_9.png,32_Duke_Pug,4283.230556484206
4.Resultados_ext_caracteristicas/Eigen_Perros_QUERY/K_1/57_Mickey_Beagle/57_Mickey_Beagle_14.jpeg,57_Mickey_Beagle,4.Resultados_ext_caracteristicas/Eigen_Perros/K_50/36_Goliath_BulldogIngles/36_Goliath_BulldogIngles_5.jpeg,36_Goliath_BulldogIngles,3653.463014729997
4.Resultados_ext_caracteristicas/Eigen_Perros_QUERY/K_1/57_Mickey_Beagle/57_Mickey_Beagle_14.jpeg,57_Mickey_Beagle,4.Resultados_ext_caracteristicas/Eigen_Perros/K_50/36_Goliath_BulldogIngles/36_Goliath_BulldogIngles_4.jpeg,36_Goliath_BulldogIngles,4141.224698081474
4.Resultados_ext_caracteristicas/Eigen_Perros_QUERY/K_1/57_Mickey_Beagle/57_Mickey_Beagle_14.jpeg,57_Mickey_Beagle,4.Resultados_ext_caracteristicas/Eigen_Perros/K_50/36_Goliath_BulldogIngles/36_Goliath_BulldogIngles_3.jpeg,36_Goliath_BulldogIngles,4141.224698081474
4.Resultados_ext_caracteristicas/Eigen_Perros_QUERY/K_1/57_Mickey_Beagle/57_Mickey_Beagle_14.jpeg,57_Mickey_Beagle,4.Resultados_ext_caracteristicas/Eigen_Perros/K_50/36_Goliath_BulldogIngles/36_Goliath_BulldogIngles_2.jpeg,36_Goliath_BulldogIngles,2668.169597308237
4.Resultados_ext_caracteristicas/Eigen_Perros_QUERY/K_1/57_Mickey_Beagle/57_Mickey_Beagle_14.jpeg,57_Mickey_Beagle,4.Resultados_ext_caracteristicas/Eigen_Perros/K_50/37_Eve_Husky/37_Eve_Husky_1.png,37_Eve_Husky,3105.887795784001
4.Resultados_ext_caracteristicas/Eigen_Perros_QUERY/K_1/57_Mickey_Beagle/57_Mickey_Beagle_14.jpeg,57_Mickey_Beagle,4.Resultados_ext_caracteristicas/Eigen_Perros/K_50/37_Eve_Husky/37_Eve_Husky_3.png,37_Eve_Husky,3755.0748328095938
4.Resultados_ext_caracteristicas/Eigen_Perros_QUERY/K_1/57_Mickey_Beagle/57_Mickey_Beagle_14.jpeg,57_Mickey_Beagle,4.Resultados_ext_caracteristicas/Eigen_Perros/K_50/37_Eve_Husky/37_Eve_Husky_2.png,37_Eve_Husky,3553.7867127896125
4.Resultados_ext_caracteristicas/Eigen_Perros_QUERY/K_1/57_Mickey_Beagle/57_Mickey_Beagle_14.jpeg,57_Mickey_Beagle,4.Resultados_ext_caracteristicas/Eigen_Perros/K_50/37_Eve_Husky/37_Eve_Husky_4.png,37_Eve_Husky,4363.384122444413
4.Resultados_ext_caracteristicas/Eigen_Perros_QUERY/K_1/57_Mickey_Beagle/57_Mickey_Beagle_14.jpeg,57_Mickey_Beagle,4.Resultados_ext_caracteristicas/Eigen_Perros/K_50/37_Eve_Husky/37_Eve_Husky_6.png,37_Eve_Husky,3500.967723358786
4.Resultados_ext_caracteristicas/Eigen_Perros_QUERY/K_1/57_Mickey_Beagle/57_Mickey_Beagle_14.jpeg,57_Mickey_Beagle,4.Resultados_ext_caracteristicas/Eigen_Perros/K_50/37_Eve_Husky/37_Eve_Husky_7.png,37_Eve_Husky,3395.573147496605
4.Resultados_ext_caracteristicas/Eigen_Perros_QUERY/K_1/57_Mickey_Beagle/57_Mickey_Beagle_14.jpeg,57_Mickey_Beagle,4.Resultados_ext_caracteristicas/Eigen_Perros/K_50/40_Kira_Husky/40_Kira_Husky_3.png,40_Kira_Husky,3806.584295664553
4.Resultados_ext_caracteristicas/Eigen_Perros_QUERY/K_1/57_Mickey_Beagle/57_Mickey_Beagle_14.jpeg,57_Mickey_Beagle,4.Resultados_ext_caracteristicas/Eigen_Perros/K_50/40_Kira_Husky/40_Kira_Husky_5.png,40_Kira_Husky,3561.4541973749992
4.Resultados_ext_caracteristicas/Eigen_Perros_QUERY/K_1/57_Mickey_Beagle/57_Mickey_Beagle_14.jpeg,57_Mickey_Beagle,4.Resultados_ext_caracteristicas/Eigen_Perros/K_50/40_Kira_Husky/40_Kira_Husky_4.png,40_Kira_Husky,3452.1462889049185
4.Resultados_ext_caracteristicas/Eigen_Perros_QUERY/K_1/57_Mickey_Beagle/57_Mickey_Beagle_14.jpeg,57_Mickey_Beagle,4.Resultados_ext_caracteristicas/Eigen_Perros/K_50/40_Kira_Husky/40_Kira_Husky_2.png,40_Kira_Husky,3643.021410862143
4.Resultados_ext_caracteristicas/Eigen_Perros_QUERY/K_1/57_Mickey_Beagle/57_Mickey_Beagle_14.jpeg,57_Mickey_Beagle,4.Resultados_ext_caracteristicas/Eigen_Perros/K_50/38_Gracie_Pug/38_Gracie_Pug_1.png,38_Gracie_Pug,3982.8858883980092
4.Resultados_ext_caracteristicas/Eigen_Perros_QUERY/K_1/57_Mickey_Beagle/57_Mickey_Beagle_14.jpeg,57_Mickey_Beagle,4.Resultados_ext_caracteristicas/Eigen_Perros/K_50/38_Gracie_Pug/38_Gracie_Pug_3.png,38_Gracie_Pug,4378.623185431695
4.Resultados_ext_caracteristicas/Eigen_Perros_QUERY/K_1/57_Mickey_Beagle/57_Mickey_Beagle_14.jpeg,57_Mickey_Beagle,4.Resultados_ext_caracteristicas/Eigen_Perros/K_50/38_Gracie_Pug/38_Gracie_Pug_6.png,38_Gracie_Pug,4722.116686402402
4.Resultados_ext_caracteristicas/Eigen_Perros_QUERY/K_1/57_Mickey_Beagle/57_Mickey_Beagle_14.jpeg,57_Mickey_Beagle,4.Resultados_ext_caracteristicas/Eigen_Perros/K_50/38_Gracie_Pug/38_Gracie_Pug_5.png,38_Gracie_Pug,4367.696990405813
4.Resultados_ext_caracteristicas/Eigen_Perros_QUERY/K_1/57_Mickey_Beagle/57_Mickey_Beagle_14.jpeg,57_Mickey_Beagle,4.Resultados_ext_caracteristicas/Eigen_Perros/K_50/38_Gracie_Pug/38_Gracie_Pug_4.png,38_Gracie_Pug,4176.134696103563
4.Resultados_ext_caracteristicas/Eigen_Perros_QUERY/K_1/57_Mickey_Beagle/57_Mickey_Beagle_14.jpeg,57_Mickey_Beagle,4.Resultados_ext_caracteristicas/Eigen_Perros/K_50/38_Gracie_Pug/38_Gracie_Pug_2.png,38_Gracie_Pug,3780.4631991331435
4.Resultados_ext_caracteristicas/Eigen_Perros_QUERY/K_1/57_Mickey_Beagle/57_Mickey_Beagle_14.jpeg,57_Mickey_Beagle,4.Resultados_ext_caracteristicas/Eigen_Perros/K_50/38_Gracie_Pug/38_Gracie_Pug_7.png,38_Gracie_Pug,3566.890382391923
4.Resultados_ext_caracteristicas/Eigen_Perros_QUERY/K_1/57_Mickey_Beagle/57_Mickey_Beagle_14.jpeg,57_Mickey_Beagle,4.Resultados_ext_caracteristicas/Eigen_Perros/K_50/38_Gracie_Pug/38_Gracie_Pug_13.png,38_Gracie_Pug,4176.134696103563
4.Resultados_ext_caracteristicas/Eigen_Perros_QUERY/K_1/57_Mickey_Beagle/57_Mickey_Beagle_14.jpeg,57_Mickey_Beagle,4.Resultados_ext_caracteristicas/Eigen_Perros/K_50/38_Gracie_Pug/38_Gracie_Pug_11.png,38_Gracie_Pug,4360.548245347138
4.Resultados_ext_caracteristicas/Eigen_Perros_QUERY/K_1/57_Mickey_Beagle/57_Mickey_Beagle_14.jpeg,57_Mickey_Beagle,4.Resultados_ext_caracteristicas/Eigen_Perros/K_50/38_Gracie_Pug/38_Gracie_Pug_17.png,38_Gracie_Pug,4360.548245347138
4.Resultados_ext_caracteristicas/Eigen_Perros_QUERY/K_1/57_Mickey_Beagle/57_Mickey_Beagle_14.jpeg,57_Mickey_Beagle,4.Resultados_ext_caracteristicas/Eigen_Perros/K_50/38_Gracie_Pug/38_Gracie_Pug_15.png,38_Gracie_Pug,3780.4631991331435
4.Resultados_ext_caracteristicas/Eigen_Perros_QUERY/K_1/57_Mickey_Beagle/57_Mickey_Beagle_14.jpeg,57_Mickey_Beagle,4.Resultados_ext_caracteristicas/Eigen_Perros/K_50/38_Gracie_Pug/38_Gracie_Pug_12.png,38_Gracie_Pug,4327.317760460861
4.Resultados_ext_caracteristicas/Eigen_Perros_QUERY/K_1/57_Mickey_Beagle/57_Mickey_Beagle_14.jpeg,57_Mickey_Beagle,4.Resultados_ext_caracteristicas/Eigen_Perros/K_50/38_Gracie_Pug/38_Gracie_Pug_8.png,38_Gracie_Pug,4223.574197288358
4.Resultados_ext_caracteristicas/Eigen_Perros_QUERY/K_1/57_Mickey_Beagle/57_Mickey_Beagle_14.jpeg,57_Mickey_Beagle,4.Resultados_ext_caracteristicas/Eigen_Perros/K_50/38_Gracie_Pug/38_Gracie_Pug_10.png,38_Gracie_Pug,4722.116686402402
4.Resultados_ext_caracteristicas/Eigen_Perros_QUERY/K_1/57_Mickey_Beagle/57_Mickey_Beagle_14.jpeg,57_Mickey_Beagle,4.Resultados_ext_caracteristicas/Eigen_Perros/K_50/38_Gracie_Pug/38_Gracie_Pug_14.png,38_Gracie_Pug,4327.317760460861
4.Resultados_ext_caracteristicas/Eigen_Perros_QUERY/K_1/57_Mickey_Beagle/57_Mickey_Beagle_14.jpeg,57_Mickey_Beagle,4.Resultados_ext_caracteristicas/Eigen_Perros/K_50/38_Gracie_Pug/38_Gracie_Pug_16.png,38_Gracie_Pug,4127.530738831632
4.Resultados_ext_caracteristicas/Eigen_Perros_QUERY/K_1/57_Mickey_Beagle/57_Mickey_Beagle_14.jpeg,57_Mickey_Beagle,4.Resultados_ext_caracteristicas/Eigen_Perros/K_50/35_Dulce_Boxer/35_Dulce_Boxer_2.jpeg,35_Dulce_Boxer,3690.3341312135954
4.Resultados_ext_caracteristicas/Eigen_Perros_QUERY/K_1/57_Mickey_Beagle/57_Mickey_Beagle_14.jpeg,57_Mickey_Beagle,4.Resultados_ext_caracteristicas/Eigen_Perros/K_50/35_Dulce_Boxer/35_Dulce_Boxer_4.jpeg,35_Dulce_Boxer,4242.176563982221
4.Resultados_ext_caracteristicas/Eigen_Perros_QUERY/K_1/57_Mickey_Beagle/57_Mickey_Beagle_14.jpeg,57_Mickey_Beagle,4.Resultados_ext_caracteristicas/Eigen_Perros/K_50/35_Dulce_Boxer/35_Dulce_Boxer_11.jpeg,35_Dulce_Boxer,5009.394374572639
4.Resultados_ext_caracteristicas/Eigen_Perros_QUERY/K_1/57_Mickey_Beagle/57_Mickey_Beagle_14.jpeg,57_Mickey_Beagle,4.Resultados_ext_caracteristicas/Eigen_Perros/K_50/35_Dulce_Boxer/35_Dulce_Boxer_12.jpeg,35_Dulce_Boxer,4187.271546007018
4.Resultados_ext_caracteristicas/Eigen_Perros_QUERY/K_1/57_Mickey_Beagle/57_Mickey_Beagle_14.jpeg,57_Mickey_Beagle,4.Resultados_ext_caracteristicas/Eigen_Perros/K_50/35_Dulce_Boxer/35_Dulce_Boxer_1.jpeg,35_Dulce_Boxer,3369.268021395745
4.Resultados_ext_caracteristicas/Eigen_Perros_QUERY/K_1/57_Mickey_Beagle/57_Mickey_Beagle_14.jpeg,57_Mickey_Beagle,4.Resultados_ext_caracteristicas/Eigen_Perros/K_50/35_Dulce_Boxer/35_Dulce_Boxer_5.jpeg,35_Dulce_Boxer,3765.6816116076516
4.Resultados_ext_caracteristicas/Eigen_Perros_QUERY/K_1/57_Mickey_Beagle/57_Mickey_Beagle_14.jpeg,57_Mickey_Beagle,4.Resultados_ext_caracteristicas/Eigen_Perros/K_50/35_Dulce_Boxer/35_Dulce_Boxer_13.jpeg,35_Dulce_Boxer,3537.128637751248
4.Resultados_ext_caracteristicas/Eigen_Perros_QUERY/K_1/57_Mickey_Beagle/57_Mickey_Beagle_14.jpeg,57_Mickey_Beagle,4.Resultados_ext_caracteristicas/Eigen_Perros/K_50/42_Landy_Husky/42_Landy_Husky_1.png,42_Landy_Husky,3884.4774423337817
4.Resultados_ext_caracteristicas/Eigen_Perros_QUERY/K_1/57_Mickey_Beagle/57_Mickey_Beagle_14.jpeg,57_Mickey_Beagle,4.Resultados_ext_caracteristicas/Eigen_Perros/K_50/42_Landy_Husky/42_Landy_Husky_5.png,42_Landy_Husky,4346.8473633197655
4.Resultados_ext_caracteristicas/Eigen_Perros_QUERY/K_1/57_Mickey_Beagle/57_Mickey_Beagle_14.jpeg,57_Mickey_Beagle,4.Resultados_ext_caracteristicas/Eigen_Perros/K_50/42_Landy_Husky/42_Landy_Husky_3.png,42_Landy_Husky,6165.221569416625
4.Resultados_ext_caracteristicas/Eigen_Perros_QUERY/K_1/57_Mickey_Beagle/57_Mickey_Beagle_14.jpeg,57_Mickey_Beagle,4.Resultados_ext_caracteristicas/Eigen_Perros/K_50/42_Landy_Husky/42_Landy_Husky_2.png,42_Landy_Husky,4322.95327293738
4.Resultados_ext_caracteristicas/Eigen_Perros_QUERY/K_1/57_Mickey_Beagle/57_Mickey_Beagle_14.jpeg,57_Mickey_Beagle,4.Resultados_ext_caracteristicas/Eigen_Perros/K_50/42_Landy_Husky/42_Landy_Husky_8.png,42_Landy_Husky,4160.260328392924
4.Resultados_ext_caracteristicas/Eigen_Perros_QUERY/K_1/57_Mickey_Beagle/57_Mickey_Beagle_14.jpeg,57_Mickey_Beagle,4.Resultados_ext_caracteristicas/Eigen_Perros/K_50/42_Landy_Husky/42_Landy_Husky_7.png,42_Landy_Husky,4070.518271670083
4.Resultados_ext_caracteristicas/Eigen_Perros_QUERY/K_1/57_Mickey_Beagle/57_Mickey_Beagle_14.jpeg,57_Mickey_Beagle,4.Resultados_ext_caracteristicas/Eigen_Perros/K_50/42_Landy_Husky/42_Landy_Husky_6.png,42_Landy_Husky,2845.153071453274
4.Resultados_ext_caracteristicas/Eigen_Perros_QUERY/K_1/57_Mickey_Beagle/57_Mickey_Beagle_14.jpeg,57_Mickey_Beagle,4.Resultados_ext_caracteristicas/Eigen_Perros/K_50/60_Nala_Malamute/60_Nala_Malamute_5.jpeg,60_Nala_Malamute,3824.4368212849326
4.Resultados_ext_caracteristicas/Eigen_Perros_QUERY/K_1/57_Mickey_Beagle/57_Mickey_Beagle_14.jpeg,57_Mickey_Beagle,4.Resultados_ext_caracteristicas/Eigen_Perros/K_50/60_Nala_Malamute/60_Nala_Malamute_7.jpeg,60_Nala_Malamute,3627.902562087356
4.Resultados_ext_caracteristicas/Eigen_Perros_QUERY/K_1/57_Mickey_Beagle/57_Mickey_Beagle_14.jpeg,57_Mickey_Beagle,4.Resultados_ext_caracteristicas/Eigen_Perros/K_50/60_Nala_Malamute/60_Nala_Malamute_4.jpeg,60_Nala_Malamute,4433.754165490009
4.Resultados_ext_caracteristicas/Eigen_Perros_QUERY/K_1/57_Mickey_Beagle/57_Mickey_Beagle_14.jpeg,57_Mickey_Beagle,4.Resultados_ext_caracteristicas/Eigen_Perros/K_50/60_Nala_Malamute/60_Nala_Malamute_1.jpeg,60_Nala_Malamute,3675.4611955508385
4.Resultados_ext_caracteristicas/Eigen_Perros_QUERY/K_1/57_Mickey_Beagle/57_Mickey_Beagle_14.jpeg,57_Mickey_Beagle,4.Resultados_ext_caracteristicas/Eigen_Perros/K_50/52_Meeshka_Husky/52_Meeshka_Husky_4.png,52_Meeshka_Husky,4205.435411464549
4.Resultados_ext_caracteristicas/Eigen_Perros_QUERY/K_1/57_Mickey_Beagle/57_Mickey_Beagle_14.jpeg,57_Mickey_Beagle,4.Resultados_ext_caracteristicas/Eigen_Perros/K_50/52_Meeshka_Husky/52_Meeshka_Husky_1.png,52_Meeshka_Husky,3914.266470234238
4.Resultados_ext_caracteristicas/Eigen_Perros_QUERY/K_1/57_Mickey_Beagle/57_Mickey_Beagle_14.jpeg,57_Mickey_Beagle,4.Resultados_ext_caracteristicas/Eigen_Perros/K_50/52_Meeshka_Husky/52_Meeshka_Husky_3.png,52_Meeshka_Husky,3969.246276057962
4.Resultados_ext_caracteristicas/Eigen_Perros_QUERY/K_1/57_Mickey_Beagle/57_Mickey_Beagle_14.jpeg,57_Mickey_Beagle,4.Resultados_ext_caracteristicas/Eigen_Perros/K_50/52_Meeshka_Husky/52_Meeshka_Husky_2.png,52_Meeshka_Husky,4176.645184834355
4.Resultados_ext_caracteristicas/Eigen_Perros_QUERY/K_1/57_Mickey_Beagle/57_Mickey_Beagle_14.jpeg,57_Mickey_Beagle,4.Resultados_ext_caracteristicas/Eigen_Perros/K_50/52_Meeshka_Husky/52_Meeshka_Husky_9.png,52_Meeshka_Husky,4082.9572615936113
4.Resultados_ext_caracteristicas/Eigen_Perros_QUERY/K_1/57_Mickey_Beagle/57_Mickey_Beagle_14.jpeg,57_Mickey_Beagle,4.Resultados_ext_caracteristicas/Eigen_Perros/K_50/52_Meeshka_Husky/52_Meeshka_Husky_7.png,52_Meeshka_Husky,4787.864973033387
4.Resultados_ext_caracteristicas/Eigen_Perros_QUERY/K_1/57_Mickey_Beagle/57_Mickey_Beagle_14.jpeg,57_Mickey_Beagle,4.Resultados_ext_caracteristicas/Eigen_Perros/K_50/52_Meeshka_Husky/52_Meeshka_Husky_13.png,52_Meeshka_Husky,4279.248532160757
4.Resultados_ext_caracteristicas/Eigen_Perros_QUERY/K_1/57_Mickey_Beagle/57_Mickey_Beagle_14.jpeg,57_Mickey_Beagle,4.Resultados_ext_caracteristicas/Eigen_Perros/K_50/52_Meeshka_Husky/52_Meeshka_Husky_11.png,52_Meeshka_Husky,3540.9848912414186
4.Resultados_ext_caracteristicas/Eigen_Perros_QUERY/K_1/57_Mickey_Beagle/57_Mickey_Beagle_14.jpeg,57_Mickey_Beagle,4.Resultados_ext_caracteristicas/Eigen_Perros/K_50/52_Meeshka_Husky/52_Meeshka_Husky_5.png,52_Meeshka_Husky,4249.388191257654
4.Resultados_ext_caracteristicas/Eigen_Perros_QUERY/K_1/57_Mickey_Beagle/57_Mickey_Beagle_14.jpeg,57_Mickey_Beagle,4.Resultados_ext_caracteristicas/Eigen_Perros/K_50/52_Meeshka_Husky/52_Meeshka_Husky_8.png,52_Meeshka_Husky,4039.9803217342533
4.Resultados_ext_caracteristicas/Eigen_Perros_QUERY/K_1/57_Mickey_Beagle/57_Mickey_Beagle_14.jpeg,57_Mickey_Beagle,4.Resultados_ext_caracteristicas/Eigen_Perros/K_50/52_Meeshka_Husky/52_Meeshka_Husky_12.png,52_Meeshka_Husky,4238.7213873997425
4.Resultados_ext_caracteristicas/Eigen_Perros_QUERY/K_1/57_Mickey_Beagle/57_Mickey_Beagle_14.jpeg,57_Mickey_Beagle,4.Resultados_ext_caracteristicas/Eigen_Perros/K_50/52_Meeshka_Husky/52_Meeshka_Husky_6.png,52_Meeshka_Husky,3219.3898490241904
4.Resultados_ext_caracteristicas/Eigen_Perros_QUERY/K_1/57_Mickey_Beagle/57_Mickey_Beagle_14.jpeg,57_Mickey_Beagle,4.Resultados_ext_caracteristicas/Eigen_Perros/K_50/61_Morgan_Pitbull/61_Morgan_Pitbull_2.jpg,61_Morgan_Pitbull,3564.748518479249
4.Resultados_ext_caracteristicas/Eigen_Perros_QUERY/K_1/57_Mickey_Beagle/57_Mickey_Beagle_14.jpeg,57_Mickey_Beagle,4.Resultados_ext_caracteristicas/Eigen_Perros/K_50/61_Morgan_Pitbull/61_Morgan_Pitbull_6.jpg,61_Morgan_Pitbull,3480.9375173938415
4.Resultados_ext_caracteristicas/Eigen_Perros_QUERY/K_1/57_Mickey_Beagle/57_Mickey_Beagle_14.jpeg,57_Mickey_Beagle,4.Resultados_ext_caracteristicas/Eigen_Perros/K_50/61_Morgan_Pitbull/61_Morgan_Pitbull_5.jpg,61_Morgan_Pitbull,4648.2289100258395
4.Resultados_ext_caracteristicas/Eigen_Perros_QUERY/K_1/57_Mickey_Beagle/57_Mickey_Beagle_14.jpeg,57_Mickey_Beagle,4.Resultados_ext_caracteristicas/Eigen_Perros/K_50/61_Morgan_Pitbull/61_Morgan_Pitbull_3.jpg,61_Morgan_Pitbull,3740.9051043831623
4.Resultados_ext_caracteristicas/Eigen_Perros_QUERY/K_1/57_Mickey_Beagle/57_Mickey_Beagle_14.jpeg,57_Mickey_Beagle,4.Resultados_ext_caracteristicas/Eigen_Perros/K_50/61_Morgan_Pitbull/61_Morgan_Pitbull_4.jpg,61_Morgan_Pitbull,3446.070370726634
4.Resultados_ext_caracteristicas/Eigen_Perros_QUERY/K_1/57_Mickey_Beagle/57_Mickey_Beagle_14.jpeg,57_Mickey_Beagle,4.Resultados_ext_caracteristicas/Eigen_Perros/K_50/51_Mardi_Pinscher/51_Mardi_Pinscher_4.jpeg,51_Mardi_Pinscher,4278.613677349242
4.Resultados_ext_caracteristicas/Eigen_Perros_QUERY/K_1/57_Mickey_Beagle/57_Mickey_Beagle_14.jpeg,57_Mickey_Beagle,4.Resultados_ext_caracteristicas/Eigen_Perros/K_50/51_Mardi_Pinscher/51_Mardi_Pinscher_10.jpeg,51_Mardi_Pinscher,3250.5067297269206
4.Resultados_ext_caracteristicas/Eigen_Perros_QUERY/K_1/57_Mickey_Beagle/57_Mickey_Beagle_14.jpeg,57_Mickey_Beagle,4.Resultados_ext_caracteristicas/Eigen_Perros/K_50/51_Mardi_Pinscher/51_Mardi_Pinscher_8.jpeg,51_Mardi_Pinscher,3030.193558174131
4.Resultados_ext_caracteristicas/Eigen_Perros_QUERY/K_1/57_Mickey_Beagle/57_Mickey_Beagle_14.jpeg,57_Mickey_Beagle,4.Resultados_ext_caracteristicas/Eigen_Perros/K_50/51_Mardi_Pinscher/51_Mardi_Pinscher_1.jpeg,51_Mardi_Pinscher,3257.368416375403
4.Resultados_ext_caracteristicas/Eigen_Perros_QUERY/K_1/57_Mickey_Beagle/57_Mickey_Beagle_14.jpeg,57_Mickey_Beagle,4.Resultados_ext_caracteristicas/Eigen_Perros/K_50/51_Mardi_Pinscher/51_Mardi_Pinscher_6.jpeg,51_Mardi_Pinscher,2878.0290130573735
4.Resultados_ext_caracteristicas/Eigen_Perros_QUERY/K_1/57_Mickey_Beagle/57_Mickey_Beagle_14.jpeg,57_Mickey_Beagle,4.Resultados_ext_caracteristicas/Eigen_Perros/K_50/51_Mardi_Pinscher/51_Mardi_Pinscher_7.jpeg,51_Mardi_Pinscher,3239.002161160131
4.Resultados_ext_caracteristicas/Eigen_Perros_QUERY/K_1/57_Mickey_Beagle/57_Mickey_Beagle_14.jpeg,57_Mickey_Beagle,4.Resultados_ext_caracteristicas/Eigen_Perros/K_50/51_Mardi_Pinscher/51_Mardi_Pinscher_3.jpeg,51_Mardi_Pinscher,3144.4970981064685
4.Resultados_ext_caracteristicas/Eigen_Perros_QUERY/K_1/57_Mickey_Beagle/57_Mickey_Beagle_14.jpeg,57_Mickey_Beagle,4.Resultados_ext_caracteristicas/Eigen_Perros/K_50/51_Mardi_Pinscher/51_Mardi_Pinscher_2.jpeg,51_Mardi_Pinscher,2784.688672006262
4.Resultados_ext_caracteristicas/Eigen_Perros_QUERY/K_1/57_Mickey_Beagle/57_Mickey_Beagle_14.jpeg,57_Mickey_Beagle,4.Resultados_ext_caracteristicas/Eigen_Perros/K_50/51_Mardi_Pinscher/51_Mardi_Pinscher_9.jpeg,51_Mardi_Pinscher,3084.9186375008335
4.Resultados_ext_caracteristicas/Eigen_Perros_QUERY/K_1/57_Mickey_Beagle/57_Mickey_Beagle_14.jpeg,57_Mickey_Beagle,4.Resultados_ext_caracteristicas/Eigen_Perros/K_50/57_Mickey_Beagle/57_Mickey_Beagle_16.jpeg,57_Mickey_Beagle,3108.8753593542474
4.Resultados_ext_caracteristicas/Eigen_Perros_QUERY/K_1/57_Mickey_Beagle/57_Mickey_Beagle_14.jpeg,57_Mickey_Beagle,4.Resultados_ext_caracteristicas/Eigen_Perros/K_50/57_Mickey_Beagle/57_Mickey_Beagle_15.jpeg,57_Mickey_Beagle,3888.1042938686714
4.Resultados_ext_caracteristicas/Eigen_Perros_QUERY/K_1/57_Mickey_Beagle/57_Mickey_Beagle_14.jpeg,57_Mickey_Beagle,4.Resultados_ext_caracteristicas/Eigen_Perros/K_50/57_Mickey_Beagle/57_Mickey_Beagle_13.jpeg,57_Mickey_Beagle,3358.257435039786
4.Resultados_ext_caracteristicas/Eigen_Perros_QUERY/K_1/57_Mickey_Beagle/57_Mickey_Beagle_14.jpeg,57_Mickey_Beagle,4.Resultados_ext_caracteristicas/Eigen_Perros/K_50/57_Mickey_Beagle/57_Mickey_Beagle_4.jpeg,57_Mickey_Beagle,3906.6197664989104
4.Resultados_ext_caracteristicas/Eigen_Perros_QUERY/K_1/57_Mickey_Beagle/57_Mickey_Beagle_14.jpeg,57_Mickey_Beagle,4.Resultados_ext_caracteristicas/Eigen_Perros/K_50/57_Mickey_Beagle/57_Mickey_Beagle_3.jpeg,57_Mickey_Beagle,4369.258060586488
4.Resultados_ext_caracteristicas/Eigen_Perros_QUERY/K_1/57_Mickey_Beagle/57_Mickey_Beagle_14.jpeg,57_Mickey_Beagle,4.Resultados_ext_caracteristicas/Eigen_Perros/K_50/57_Mickey_Beagle/57_Mickey_Beagle_5.jpeg,57_Mickey_Beagle,3315.358804111555
4.Resultados_ext_caracteristicas/Eigen_Perros_QUERY/K_1/57_Mickey_Beagle/57_Mickey_Beagle_14.jpeg,57_Mickey_Beagle,4.Resultados_ext_caracteristicas/Eigen_Perros/K_50/64_Monty2_Pug/64_Monty2_Pug_5.png,64_Monty2_Pug,3679.3128434532446
4.Resultados_ext_caracteristicas/Eigen_Perros_QUERY/K_1/57_Mickey_Beagle/57_Mickey_Beagle_14.jpeg,57_Mickey_Beagle,4.Resultados_ext_caracteristicas/Eigen_Perros/K_50/64_Monty2_Pug/64_Monty2_Pug_3.png,64_Monty2_Pug,4392.048610842097
4.Resultados_ext_caracteristicas/Eigen_Perros_QUERY/K_1/57_Mickey_Beagle/57_Mickey_Beagle_14.jpeg,57_Mickey_Beagle,4.Resultados_ext_caracteristicas/Eigen_Perros/K_50/64_Monty2_Pug/64_Monty2_Pug_4.png,64_Monty2_Pug,4530.447439271314
4.Resultados_ext_caracteristicas/Eigen_Perros_QUERY/K_1/57_Mickey_Beagle/57_Mickey_Beagle_14.jpeg,57_Mickey_Beagle,4.Resultados_ext_caracteristicas/Eigen_Perros/K_50/64_Monty2_Pug/64_Monty2_Pug_2.png,64_Monty2_Pug,3809.229449639389
4.Resultados_ext_caracteristicas/Eigen_Perros_QUERY/K_1/57_Mickey_Beagle/57_Mickey_Beagle_14.jpeg,57_Mickey_Beagle,4.Resultados_ext_caracteristicas/Eigen_Perros/K_50/64_Monty2_Pug/64_Monty2_Pug_8.png,64_Monty2_Pug,3588.1904910414105
4.Resultados_ext_caracteristicas/Eigen_Perros_QUERY/K_1/57_Mickey_Beagle/57_Mickey_Beagle_14.jpeg,57_Mickey_Beagle,4.Resultados_ext_caracteristicas/Eigen_Perros/K_50/64_Monty2_Pug/64_Monty2_Pug_7.png,64_Monty2_Pug,4593.0169823330725
4.Resultados_ext_caracteristicas/Eigen_Perros_QUERY/K_1/57_Mickey_Beagle/57_Mickey_Beagle_14.jpeg,57_Mickey_Beagle,4.Resultados_ext_caracteristicas/Eigen_Perros/K_50/64_Monty2_Pug/64_Monty2_Pug_1.png,64_Monty2_Pug,4701.0741325786385
4.Resultados_ext_caracteristicas/Eigen_Perros_QUERY/K_1/57_Mickey_Beagle/57_Mickey_Beagle_14.jpeg,57_Mickey_Beagle,4.Resultados_ext_caracteristicas/Eigen_Perros/K_50/64_Monty2_Pug/64_Monty2_Pug_9.png,64_Monty2_Pug,4125.163390703452
4.Resultados_ext_caracteristicas/Eigen_Perros_QUERY/K_1/57_Mickey_Beagle/57_Mickey_Beagle_14.jpeg,57_Mickey_Beagle,4.Resultados_ext_caracteristicas/Eigen_Perros/K_50/64_Monty2_Pug/64_Monty2_Pug_6.png,64_Monty2_Pug,5067.8079087510805
4.Resultados_ext_caracteristicas/Eigen_Perros_QUERY/K_1/57_Mickey_Beagle/57_Mickey_Beagle_14.jpeg,57_Mickey_Beagle,4.Resultados_ext_caracteristicas/Eigen_Perros/K_50/58_Nala2_Criollo/58_Nala2_Criollo_1.jpeg,58_Nala2_Criollo,3389.0236057012057
4.Resultados_ext_caracteristicas/Eigen_Perros_QUERY/K_1/57_Mickey_Beagle/57_Mickey_Beagle_14.jpeg,57_Mickey_Beagle,4.Resultados_ext_caracteristicas/Eigen_Perros/K_50/58_Nala2_Criollo/58_Nala2_Criollo_2.jpeg,58_Nala2_Criollo,3373.099168420638
4.Resultados_ext_caracteristicas/Eigen_Perros_QUERY/K_1/57_Mickey_Beagle/57_Mickey_Beagle_14.jpeg,57_Mickey_Beagle,4.Resultados_ext_caracteristicas/Eigen_Perros/K_50/58_Nala2_Criollo/58_Nala2_Criollo_6.jpeg,58_Nala2_Criollo,3389.0236057012057
4.Resultados_ext_caracteristicas/Eigen_Perros_QUERY/K_1/57_Mickey_Beagle/57_Mickey_Beagle_14.jpeg,57_Mickey_Beagle,4.Resultados_ext_caracteristicas/Eigen_Perros/K_50/58_Nala2_Criollo/58_Nala2_Criollo_7.jpeg,58_Nala2_Criollo,3373.099168420638
4.Resultados_ext_caracteristicas/Eigen_Perros_QUERY/K_1/57_Mickey_Beagle/57_Mickey_Beagle_14.jpeg,57_Mickey_Beagle,4.Resultados_ext_caracteristicas/Eigen_Perros/K_50/58_Nala2_Criollo/58_Nala2_Criollo_10.jpeg,58_Nala2_Criollo,2960.222288950612
4.Resultados_ext_caracteristicas/Eigen_Perros_QUERY/K_1/57_Mickey_Beagle/57_Mickey_Beagle_14.jpeg,57_Mickey_Beagle,4.Resultados_ext_caracteristicas/Eigen_Perros/K_50/58_Nala2_Criollo/58_Nala2_Criollo_4.jpeg,58_Nala2_Criollo,3212.155351162207
4.Resultados_ext_caracteristicas/Eigen_Perros_QUERY/K_1/57_Mickey_Beagle/57_Mickey_Beagle_14.jpeg,57_Mickey_Beagle,4.Resultados_ext_caracteristicas/Eigen_Perros/K_50/58_Nala2_Criollo/58_Nala2_Criollo_3.jpeg,58_Nala2_Criollo,3246.627942958663
4.Resultados_ext_caracteristicas/Eigen_Perros_QUERY/K_1/57_Mickey_Beagle/57_Mickey_Beagle_14.jpeg,57_Mickey_Beagle,4.Resultados_ext_caracteristicas/Eigen_Perros/K_50/44_Koda_Husky/44_Koda_Husky_4.png,44_Koda_Husky,4126.217032585659
4.Resultados_ext_caracteristicas/Eigen_Perros_QUERY/K_1/57_Mickey_Beagle/57_Mickey_Beagle_14.jpeg,57_Mickey_Beagle,4.Resultados_ext_caracteristicas/Eigen_Perros/K_50/44_Koda_Husky/44_Koda_Husky_2.png,44_Koda_Husky,4030.2807594508845
4.Resultados_ext_caracteristicas/Eigen_Perros_QUERY/K_1/57_Mickey_Beagle/57_Mickey_Beagle_14.jpeg,57_Mickey_Beagle,4.Resultados_ext_caracteristicas/Eigen_Perros/K_50/44_Koda_Husky/44_Koda_Husky_3.png,44_Koda_Husky,5043.319343448321
4.Resultados_ext_caracteristicas/Eigen_Perros_QUERY/K_1/57_Mickey_Beagle/57_Mickey_Beagle_14.jpeg,57_Mickey_Beagle,4.Resultados_ext_caracteristicas/Eigen_Perros/K_50/44_Koda_Husky/44_Koda_Husky_5.png,44_Koda_Husky,3713.3517204811073
4.Resultados_ext_caracteristicas/Eigen_Perros_QUERY/K_1/57_Mickey_Beagle/57_Mickey_Beagle_14.jpeg,57_Mickey_Beagle,4.Resultados_ext_caracteristicas/Eigen_Perros/K_50/45_Lulu_Husky/45_Lulu_Husky_1.png,45_Lulu_Husky,3563.6819442817846
4.Resultados_ext_caracteristicas/Eigen_Perros_QUERY/K_1/57_Mickey_Beagle/57_Mickey_Beagle_14.jpeg,57_Mickey_Beagle,4.Resultados_ext_caracteristicas/Eigen_Perros/K_50/45_Lulu_Husky/45_Lulu_Husky_6.png,45_Lulu_Husky,3755.693411342305
4.Resultados_ext_caracteristicas/Eigen_Perros_QUERY/K_1/57_Mickey_Beagle/57_Mickey_Beagle_14.jpeg,57_Mickey_Beagle,4.Resultados_ext_caracteristicas/Eigen_Perros/K_50/45_Lulu_Husky/45_Lulu_Husky_7.png,45_Lulu_Husky,3433.394384570465
4.Resultados_ext_caracteristicas/Eigen_Perros_QUERY/K_1/57_Mickey_Beagle/57_Mickey_Beagle_14.jpeg,57_Mickey_Beagle,4.Resultados_ext_caracteristicas/Eigen_Perros/K_50/45_Lulu_Husky/45_Lulu_Husky_3.png,45_Lulu_Husky,4724.27772257305
4.Resultados_ext_caracteristicas/Eigen_Perros_QUERY/K_1/57_Mickey_Beagle/57_Mickey_Beagle_14.jpeg,57_Mickey_Beagle,4.Resultados_ext_caracteristicas/Eigen_Perros/K_50/45_Lulu_Husky/45_Lulu_Husky_9.png,45_Lulu_Husky,2627.173385979692
4.Resultados_ext_caracteristicas/Eigen_Perros_QUERY/K_1/57_Mickey_Beagle/57_Mickey_Beagle_14.jpeg,57_Mickey_Beagle,4.Resultados_ext_caracteristicas/Eigen_Perros/K_50/45_Lulu_Husky/45_Lulu_Husky_5.png,45_Lulu_Husky,3719.879702355978
4.Resultados_ext_caracteristicas/Eigen_Perros_QUERY/K_1/57_Mickey_Beagle/57_Mickey_Beagle_14.jpeg,57_Mickey_Beagle,4.Resultados_ext_caracteristicas/Eigen_Perros/K_50/45_Lulu_Husky/45_Lulu_Husky_4.png,45_Lulu_Husky,3869.363125890358
4.Resultados_ext_caracteristicas/Eigen_Perros_QUERY/K_1/57_Mickey_Beagle/57_Mickey_Beagle_14.jpeg,57_Mickey_Beagle,4.Resultados_ext_caracteristicas/Eigen_Perros/K_50/45_Lulu_Husky/45_Lulu_Husky_8.png,45_Lulu_Husky,3599.4606540424916
4.Resultados_ext_caracteristicas/Eigen_Perros_QUERY/K_1/57_Mickey_Beagle/57_Mickey_Beagle_14.jpeg,57_Mickey_Beagle,4.Resultados_ext_caracteristicas/Eigen_Perros/K_50/43_Luna_Labrador/43_Luna_Labrador_1.jpeg,43_Luna_Labrador,4586.929038038413
4.Resultados_ext_caracteristicas/Eigen_Perros_QUERY/K_1/57_Mickey_Beagle/57_Mickey_Beagle_14.jpeg,57_Mickey_Beagle,4.Resultados_ext_caracteristicas/Eigen_Perros/K_50/43_Luna_Labrador/43_Luna_Labrador_2.jpeg,43_Luna_Labrador,4976.091739508025
4.Resultados_ext_caracteristicas/Eigen_Perros_QUERY/K_1/57_Mickey_Beagle/57_Mickey_Beagle_14.jpeg,57_Mickey_Beagle,4.Resultados_ext_caracteristicas/Eigen_Perros/K_50/43_Luna_Labrador/43_Luna_Labrador_5.jpeg,43_Luna_Labrador,4404.944154016031
4.Resultados_ext_caracteristicas/Eigen_Perros_QUERY/K_1/57_Mickey_Beagle/57_Mickey_Beagle_14.jpeg,57_Mickey_Beagle,4.Resultados_ext_caracteristicas/Eigen_Perros/K_50/43_Luna_Labrador/43_Luna_Labrador_6.jpeg,43_Luna_Labrador,4492.517334412857
4.Resultados_ext_caracteristicas/Eigen_Perros_QUERY/K_1/57_Mickey_Beagle/57_Mickey_Beagle_14.jpeg,57_Mickey_Beagle,4.Resultados_ext_caracteristicas/Eigen_Perros/K_50/76_Princesa2_Husky/76_Princesa2_Husky_2.png,76_Princesa2_Husky,4182.160207356958
4.Resultados_ext_caracteristicas/Eigen_Perros_QUERY/K_1/57_Mickey_Beagle/57_Mickey_Beagle_14.jpeg,57_Mickey_Beagle,4.Resultados_ext_caracteristicas/Eigen_Perros/K_50/76_Princesa2_Husky/76_Princesa2_Husky_1.png,76_Princesa2_Husky,3700.9236684914213
4.Resultados_ext_caracteristicas/Eigen_Perros_QUERY/K_1/57_Mickey_Beagle/57_Mickey_Beagle_14.jpeg,57_Mickey_Beagle,4.Resultados_ext_caracteristicas/Eigen_Perros/K_50/76_Princesa2_Husky/76_Princesa2_Husky_6.png,76_Princesa2_Husky,3932.71280415949
4.Resultados_ext_caracteristicas/Eigen_Perros_QUERY/K_1/57_Mickey_Beagle/57_Mickey_Beagle_14.jpeg,57_Mickey_Beagle,4.Resultados_ext_caracteristicas/Eigen_Perros/K_50/76_Princesa2_Husky/76_Princesa2_Husky_3.png,76_Princesa2_Husky,5504.51850755359
4.Resultados_ext_caracteristicas/Eigen_Perros_QUERY/K_1/57_Mickey_Beagle/57_Mickey_Beagle_14.jpeg,57_Mickey_Beagle,4.Resultados_ext_caracteristicas/Eigen_Perros/K_50/76_Princesa2_Husky/76_Princesa2_Husky_5.png,76_Princesa2_Husky,5138.182363443322
4.Resultados_ext_caracteristicas/Eigen_Perros_QUERY/K_1/57_Mickey_Beagle/57_Mickey_Beagle_14.jpeg,57_Mickey_Beagle,4.Resultados_ext_caracteristicas/Eigen_Perros/K_50/77_Philly_BulldogFrances/77_Philly_BulldogFrances_2.jpeg,77_Philly_BulldogFrances,4115.694109138822
4.Resultados_ext_caracteristicas/Eigen_Perros_QUERY/K_1/57_Mickey_Beagle/57_Mickey_Beagle_14.jpeg,57_Mickey_Beagle,4.Resultados_ext_caracteristicas/Eigen_Perros/K_50/77_Philly_BulldogFrances/77_Philly_BulldogFrances_4.jpeg,77_Philly_BulldogFrances,3460.6690104660397
4.Resultados_ext_caracteristicas/Eigen_Perros_QUERY/K_1/57_Mickey_Beagle/57_Mickey_Beagle_14.jpeg,57_Mickey_Beagle,4.Resultados_ext_caracteristicas/Eigen_Perros/K_50/77_Philly_BulldogFrances/77_Philly_BulldogFrances_1.jpeg,77_Philly_BulldogFrances,4674.497940955798
4.Resultados_ext_caracteristicas/Eigen_Perros_QUERY/K_1/57_Mickey_Beagle/57_Mickey_Beagle_14.jpeg,57_Mickey_Beagle,4.Resultados_ext_caracteristicas/Eigen_Perros/K_50/72_Oreo_Chitzu/72_Oreo_Chitzu_4.jpeg,72_Oreo_Chitzu,5621.3842601266815
4.Resultados_ext_caracteristicas/Eigen_Perros_QUERY/K_1/57_Mickey_Beagle/57_Mickey_Beagle_14.jpeg,57_Mickey_Beagle,4.Resultados_ext_caracteristicas/Eigen_Perros/K_50/72_Oreo_Chitzu/72_Oreo_Chitzu_2.jpeg,72_Oreo_Chitzu,3353.086041246183
4.Resultados_ext_caracteristicas/Eigen_Perros_QUERY/K_1/57_Mickey_Beagle/57_Mickey_Beagle_14.jpeg,57_Mickey_Beagle,4.Resultados_ext_caracteristicas/Eigen_Perros/K_50/72_Oreo_Chitzu/72_Oreo_Chitzu_1.jpeg,72_Oreo_Chitzu,4255.222555871785
4.Resultados_ext_caracteristicas/Eigen_Perros_QUERY/K_1/57_Mickey_Beagle/57_Mickey_Beagle_14.jpeg,57_Mickey_Beagle,4.Resultados_ext_caracteristicas/Eigen_Perros/K_50/72_Oreo_Chitzu/72_Oreo_Chitzu_5.jpeg,72_Oreo_Chitzu,2883.553883665086
4.Resultados_ext_caracteristicas/Eigen_Perros_QUERY/K_1/57_Mickey_Beagle/57_Mickey_Beagle_14.jpeg,57_Mickey_Beagle,4.Resultados_ext_caracteristicas/Eigen_Perros/K_50/68_Paimei_Mixto/68_Paimei_Mixto_5.jpg,68_Paimei_Mixto,3728.6848888046306
4.Resultados_ext_caracteristicas/Eigen_Perros_QUERY/K_1/57_Mickey_Beagle/57_Mickey_Beagle_14.jpeg,57_Mickey_Beagle,4.Resultados_ext_caracteristicas/Eigen_Perros/K_50/68_Paimei_Mixto/68_Paimei_Mixto_4.jpg,68_Paimei_Mixto,3061.4434504004807
4.Resultados_ext_caracteristicas/Eigen_Perros_QUERY/K_1/57_Mickey_Beagle/57_Mickey_Beagle_14.jpeg,57_Mickey_Beagle,4.Resultados_ext_caracteristicas/Eigen_Perros/K_50/68_Paimei_Mixto/68_Paimei_Mixto_3.jpg,68_Paimei_Mixto,4585.005888763939
4.Resultados_ext_caracteristicas/Eigen_Perros_QUERY/K_1/57_Mickey_Beagle/57_Mickey_Beagle_14.jpeg,57_Mickey_Beagle,4.Resultados_ext_caracteristicas/Eigen_Perros/K_50/68_Paimei_Mixto/68_Paimei_Mixto_2.jpg,68_Paimei_Mixto,3288.3013852139525
4.Resultados_ext_caracteristicas/Eigen_Perros_QUERY/K_1/57_Mickey_Beagle/57_Mickey_Beagle_14.jpeg,57_Mickey_Beagle,4.Resultados_ext_caracteristicas/Eigen_Perros/K_50/68_Paimei_Mixto/68_Paimei_Mixto_8.jpg,68_Paimei_Mixto,3853.334659746023
4.Resultados_ext_caracteristicas/Eigen_Perros_QUERY/K_1/57_Mickey_Beagle/57_Mickey_Beagle_14.jpeg,57_Mickey_Beagle,4.Resultados_ext_caracteristicas/Eigen_Perros/K_50/68_Paimei_Mixto/68_Paimei_Mixto_6.jpg,68_Paimei_Mixto,3141.7390088930047
4.Resultados_ext_caracteristicas/Eigen_Perros_QUERY/K_1/57_Mickey_Beagle/57_Mickey_Beagle_14.jpeg,57_Mickey_Beagle,4.Resultados_ext_caracteristicas/Eigen_Perros/K_50/68_Paimei_Mixto/68_Paimei_Mixto_13.jpg,68_Paimei_Mixto,4105.057003258298
4.Resultados_ext_caracteristicas/Eigen_Perros_QUERY/K_1/57_Mickey_Beagle/57_Mickey_Beagle_14.jpeg,57_Mickey_Beagle,4.Resultados_ext_caracteristicas/Eigen_Perros/K_50/68_Paimei_Mixto/68_Paimei_Mixto_11.jpg,68_Paimei_Mixto,4248.575761358152
4.Resultados_ext_caracteristicas/Eigen_Perros_QUERY/K_1/57_Mickey_Beagle/57_Mickey_Beagle_14.jpeg,57_Mickey_Beagle,4.Resultados_ext_caracteristicas/Eigen_Perros/K_50/68_Paimei_Mixto/68_Paimei_Mixto_12.jpg,68_Paimei_Mixto,3421.5781446578126
4.Resultados_ext_caracteristicas/Eigen_Perros_QUERY/K_1/57_Mickey_Beagle/57_Mickey_Beagle_14.jpeg,57_Mickey_Beagle,4.Resultados_ext_caracteristicas/Eigen_Perros/K_50/68_Paimei_Mixto/68_Paimei_Mixto_17.jpg,68_Paimei_Mixto,4624.1404606694205
4.Resultados_ext_caracteristicas/Eigen_Perros_QUERY/K_1/57_Mickey_Beagle/57_Mickey_Beagle_14.jpeg,57_Mickey_Beagle,4.Resultados_ext_caracteristicas/Eigen_Perros/K_50/68_Paimei_Mixto/68_Paimei_Mixto_16.jpg,68_Paimei_Mixto,4823.197279813464
4.Resultados_ext_caracteristicas/Eigen_Perros_QUERY/K_1/57_Mickey_Beagle/57_Mickey_Beagle_14.jpeg,57_Mickey_Beagle,4.Resultados_ext_caracteristicas/Eigen_Perros/K_50/68_Paimei_Mixto/68_Paimei_Mixto_14.jpg,68_Paimei_Mixto,3768.65851464417
4.Resultados_ext_caracteristicas/Eigen_Perros_QUERY/K_1/57_Mickey_Beagle/57_Mickey_Beagle_14.jpeg,57_Mickey_Beagle,4.Resultados_ext_caracteristicas/Eigen_Perros/K_50/68_Paimei_Mixto/68_Paimei_Mixto_19.jpg,68_Paimei_Mixto,3816.481363769513
4.Resultados_ext_caracteristicas/Eigen_Perros_QUERY/K_1/57_Mickey_Beagle/57_Mickey_Beagle_14.jpeg,57_Mickey_Beagle,4.Resultados_ext_caracteristicas/Eigen_Perros/K_50/68_Paimei_Mixto/68_Paimei_Mixto_15.jpg,68_Paimei_Mixto,4360.052751974453
4.Resultados_ext_caracteristicas/Eigen_Perros_QUERY/K_1/57_Mickey_Beagle/57_Mickey_Beagle_14.jpeg,57_Mickey_Beagle,4.Resultados_ext_caracteristicas/Eigen_Perros/K_50/68_Paimei_Mixto/68_Paimei_Mixto_21.jpg,68_Paimei_Mixto,4402.99375425403
4.Resultados_ext_caracteristicas/Eigen_Perros_QUERY/K_1/57_Mickey_Beagle/57_Mickey_Beagle_14.jpeg,57_Mickey_Beagle,4.Resultados_ext_caracteristicas/Eigen_Perros/K_50/68_Paimei_Mixto/68_Paimei_Mixto_18.jpg,68_Paimei_Mixto,3213.414072291338
4.Resultados_ext_caracteristicas/Eigen_Perros_QUERY/K_1/57_Mickey_Beagle/57_Mickey_Beagle_14.jpeg,57_Mickey_Beagle,4.Resultados_ext_caracteristicas/Eigen_Perros/K_50/68_Paimei_Mixto/68_Paimei_Mixto_1.jpg,68_Paimei_Mixto,4039.6483757871797
4.Resultados_ext_caracteristicas/Eigen_Perros_QUERY/K_1/57_Mickey_Beagle/57_Mickey_Beagle_14.jpeg,57_Mickey_Beagle,4.Resultados_ext_caracteristicas/Eigen_Perros/K_50/68_Paimei_Mixto/68_Paimei_Mixto_7.jpg,68_Paimei_Mixto,4362.9606920072065
4.Resultados_ext_caracteristicas/Eigen_Perros_QUERY/K_1/57_Mickey_Beagle/57_Mickey_Beagle_14.jpeg,57_Mickey_Beagle,4.Resultados_ext_caracteristicas/Eigen_Perros/K_50/68_Paimei_Mixto/68_Paimei_Mixto_10.jpg,68_Paimei_Mixto,4120.499241596824
4.Resultados_ext_caracteristicas/Eigen_Perros_QUERY/K_1/57_Mickey_Beagle/57_Mickey_Beagle_14.jpeg,57_Mickey_Beagle,4.Resultados_ext_caracteristicas/Eigen_Perros/K_50/68_Paimei_Mixto/68_Paimei_Mixto_9.jpg,68_Paimei_Mixto,3994.415852161615
4.Resultados_ext_caracteristicas/Eigen_Perros_QUERY/K_1/57_Mickey_Beagle/57_Mickey_Beagle_14.jpeg,57_Mickey_Beagle,4.Resultados_ext_caracteristicas/Eigen_Perros/K_50/65_Nikita_Pug/65_Nikita_Pug_1.png,65_Nikita_Pug,3339.5954844861076
4.Resultados_ext_caracteristicas/Eigen_Perros_QUERY/K_1/57_Mickey_Beagle/57_Mickey_Beagle_14.jpeg,57_Mickey_Beagle,4.Resultados_ext_caracteristicas/Eigen_Perros/K_50/65_Nikita_Pug/65_Nikita_Pug_7.png,65_Nikita_Pug,5808.176908462758
4.Resultados_ext_caracteristicas/Eigen_Perros_QUERY/K_1/57_Mickey_Beagle/57_Mickey_Beagle_14.jpeg,57_Mickey_Beagle,4.Resultados_ext_caracteristicas/Eigen_Perros/K_50/65_Nikita_Pug/65_Nikita_Pug_6.png,65_Nikita_Pug,4853.866397007648
4.Resultados_ext_caracteristicas/Eigen_Perros_QUERY/K_1/57_Mickey_Beagle/57_Mickey_Beagle_14.jpeg,57_Mickey_Beagle,4.Resultados_ext_caracteristicas/Eigen_Perros/K_50/65_Nikita_Pug/65_Nikita_Pug_2.png,65_Nikita_Pug,5745.121408638812
4.Resultados_ext_caracteristicas/Eigen_Perros_QUERY/K_1/57_Mickey_Beagle/57_Mickey_Beagle_14.jpeg,57_Mickey_Beagle,4.Resultados_ext_caracteristicas/Eigen_Perros/K_50/65_Nikita_Pug/65_Nikita_Pug_4.png,65_Nikita_Pug,5350.816760084389
4.Resultados_ext_caracteristicas/Eigen_Perros_QUERY/K_1/57_Mickey_Beagle/57_Mickey_Beagle_14.jpeg,57_Mickey_Beagle,4.Resultados_ext_caracteristicas/Eigen_Perros/K_50/65_Nikita_Pug/65_Nikita_Pug_5.png,65_Nikita_Pug,6964.674077083579
4.Resultados_ext_caracteristicas/Eigen_Perros_QUERY/K_1/57_Mickey_Beagle/57_Mickey_Beagle_14.jpeg,57_Mickey_Beagle,4.Resultados_ext_caracteristicas/Eigen_Perros/K_50/67_Newton_Pug/67_Newton_Pug_5.png,67_Newton_Pug,3707.24115751862
4.Resultados_ext_caracteristicas/Eigen_Perros_QUERY/K_1/57_Mickey_Beagle/57_Mickey_Beagle_14.jpeg,57_Mickey_Beagle,4.Resultados_ext_caracteristicas/Eigen_Perros/K_50/67_Newton_Pug/67_Newton_Pug_4.png,67_Newton_Pug,2822.6041167687686
4.Resultados_ext_caracteristicas/Eigen_Perros_QUERY/K_1/57_Mickey_Beagle/57_Mickey_Beagle_14.jpeg,57_Mickey_Beagle,4.Resultados_ext_caracteristicas/Eigen_Perros/K_50/67_Newton_Pug/67_Newton_Pug_2.png,67_Newton_Pug,4487.439804610197
4.Resultados_ext_caracteristicas/Eigen_Perros_QUERY/K_1/57_Mickey_Beagle/57_Mickey_Beagle_14.jpeg,57_Mickey_Beagle,4.Resultados_ext_caracteristicas/Eigen_Perros/K_50/67_Newton_Pug/67_Newton_Pug_3.png,67_Newton_Pug,3276.1469747250353
4.Resultados_ext_caracteristicas/Eigen_Perros_QUERY/K_1/57_Mickey_Beagle/57_Mickey_Beagle_14.jpeg,57_Mickey_Beagle,4.Resultados_ext_caracteristicas/Eigen_Perros/K_50/70_Oliver_Pug/70_Oliver_Pug_1.png,70_Oliver_Pug,3810.464144956622
4.Resultados_ext_caracteristicas/Eigen_Perros_QUERY/K_1/57_Mickey_Beagle/57_Mickey_Beagle_14.jpeg,57_Mickey_Beagle,4.Resultados_ext_caracteristicas/Eigen_Perros/K_50/70_Oliver_Pug/70_Oliver_Pug_9.png,70_Oliver_Pug,3651.124484319865
4.Resultados_ext_caracteristicas/Eigen_Perros_QUERY/K_1/57_Mickey_Beagle/57_Mickey_Beagle_14.jpeg,57_Mickey_Beagle,4.Resultados_ext_caracteristicas/Eigen_Perros/K_50/70_Oliver_Pug/70_Oliver_Pug_3.png,70_Oliver_Pug,3046.2593454924354
4.Resultados_ext_caracteristicas/Eigen_Perros_QUERY/K_1/57_Mickey_Beagle/57_Mickey_Beagle_14.jpeg,57_Mickey_Beagle,4.Resultados_ext_caracteristicas/Eigen_Perros/K_50/70_Oliver_Pug/70_Oliver_Pug_6.png,70_Oliver_Pug,3789.3148457207935
4.Resultados_ext_caracteristicas/Eigen_Perros_QUERY/K_1/57_Mickey_Beagle/57_Mickey_Beagle_14.jpeg,57_Mickey_Beagle,4.Resultados_ext_caracteristicas/Eigen_Perros/K_50/70_Oliver_Pug/70_Oliver_Pug_7.png,70_Oliver_Pug,3554.8601941567267
4.Resultados_ext_caracteristicas/Eigen_Perros_QUERY/K_1/57_Mickey_Beagle/57_Mickey_Beagle_14.jpeg,57_Mickey_Beagle,4.Resultados_ext_caracteristicas/Eigen_Perros/K_50/70_Oliver_Pug/70_Oliver_Pug_2.png,70_Oliver_Pug,3564.7482379545404
4.Resultados_ext_caracteristicas/Eigen_Perros_QUERY/K_1/57_Mickey_Beagle/57_Mickey_Beagle_14.jpeg,57_Mickey_Beagle,4.Resultados_ext_caracteristicas/Eigen_Perros/K_50/70_Oliver_Pug/70_Oliver_Pug_8.png,70_Oliver_Pug,4055.09938225933
4.Resultados_ext_caracteristicas/Eigen_Perros_QUERY/K_1/57_Mickey_Beagle/57_Mickey_Beagle_14.jpeg,57_Mickey_Beagle,4.Resultados_ext_caracteristicas/Eigen_Perros/K_50/70_Oliver_Pug/70_Oliver_Pug_5.png,70_Oliver_Pug,4137.94393388794
4.Resultados_ext_caracteristicas/Eigen_Perros_QUERY/K_1/57_Mickey_Beagle/57_Mickey_Beagle_14.jpeg,57_Mickey_Beagle,4.Resultados_ext_caracteristicas/Eigen_Perros/K_50/66_Noodles_Pug/66_Noodles_Pug_1.png,66_Noodles_Pug,3994.6452908862884
4.Resultados_ext_caracteristicas/Eigen_Perros_QUERY/K_1/57_Mickey_Beagle/57_Mickey_Beagle_14.jpeg,57_Mickey_Beagle,4.Resultados_ext_caracteristicas/Eigen_Perros/K_50/66_Noodles_Pug/66_Noodles_Pug_7.png,66_Noodles_Pug,5352.927423382462
4.Resultados_ext_caracteristicas/Eigen_Perros_QUERY/K_1/57_Mickey_Beagle/57_Mickey_Beagle_14.jpeg,57_Mickey_Beagle,4.Resultados_ext_caracteristicas/Eigen_Perros/K_50/66_Noodles_Pug/66_Noodles_Pug_8.png,66_Noodles_Pug,5326.435956622402
4.Resultados_ext_caracteristicas/Eigen_Perros_QUERY/K_1/57_Mickey_Beagle/57_Mickey_Beagle_14.jpeg,57_Mickey_Beagle,4.Resultados_ext_caracteristicas/Eigen_Perros/K_50/66_Noodles_Pug/66_Noodles_Pug_10.png,66_Noodles_Pug,5129.6239628261255
4.Resultados_ext_caracteristicas/Eigen_Perros_QUERY/K_1/57_Mickey_Beagle/57_Mickey_Beagle_14.jpeg,57_Mickey_Beagle,4.Resultados_ext_caracteristicas/Eigen_Perros/K_50/66_Noodles_Pug/66_Noodles_Pug_6.png,66_Noodles_Pug,3584.816592240111
4.Resultados_ext_caracteristicas/Eigen_Perros_QUERY/K_1/57_Mickey_Beagle/57_Mickey_Beagle_14.jpeg,57_Mickey_Beagle,4.Resultados_ext_caracteristicas/Eigen_Perros/K_50/66_Noodles_Pug/66_Noodles_Pug_5.png,66_Noodles_Pug,5117.266946329847
4.Resultados_ext_caracteristicas/Eigen_Perros_QUERY/K_1/57_Mickey_Beagle/57_Mickey_Beagle_14.jpeg,57_Mickey_Beagle,4.Resultados_ext_caracteristicas/Eigen_Perros/K_50/66_Noodles_Pug/66_Noodles_Pug_9.png,66_Noodles_Pug,3247.2525309867724
4.Resultados_ext_caracteristicas/Eigen_Perros_QUERY/K_1/57_Mickey_Beagle/57_Mickey_Beagle_14.jpeg,57_Mickey_Beagle,4.Resultados_ext_caracteristicas/Eigen_Perros/K_50/66_Noodles_Pug/66_Noodles_Pug_3.png,66_Noodles_Pug,5786.922843791854
4.Resultados_ext_caracteristicas/Eigen_Perros_QUERY/K_1/57_Mickey_Beagle/57_Mickey_Beagle_14.jpeg,57_Mickey_Beagle,4.Resultados_ext_caracteristicas/Eigen_Perros/K_50/66_Noodles_Pug/66_Noodles_Pug_2.png,66_Noodles_Pug,3922.45943254994
4.Resultados_ext_caracteristicas/Eigen_Perros_QUERY/K_1/57_Mickey_Beagle/57_Mickey_Beagle_14.jpeg,57_Mickey_Beagle,4.Resultados_ext_caracteristicas/Eigen_Perros/K_50/73_Orion_GranDanes/73_Orion_GranDanes_5.jpeg,73_Orion_GranDanes,2843.406056123536
4.Resultados_ext_caracteristicas/Eigen_Perros_QUERY/K_1/57_Mickey_Beagle/57_Mickey_Beagle_14.jpeg,57_Mickey_Beagle,4.Resultados_ext_caracteristicas/Eigen_Perros/K_50/73_Orion_GranDanes/73_Orion_GranDanes_1.jpeg,73_Orion_GranDanes,4107.58043134885
4.Resultados_ext_caracteristicas/Eigen_Perros_QUERY/K_1/57_Mickey_Beagle/57_Mickey_Beagle_14.jpeg,57_Mickey_Beagle,4.Resultados_ext_caracteristicas/Eigen_Perros/K_50/73_Orion_GranDanes/73_Orion_GranDanes_3.jpeg,73_Orion_GranDanes,3486.001721169971
4.Resultados_ext_caracteristicas/Eigen_Perros_QUERY/K_1/57_Mickey_Beagle/57_Mickey_Beagle_14.jpeg,57_Mickey_Beagle,4.Resultados_ext_caracteristicas/Eigen_Perros/K_50/73_Orion_GranDanes/73_Orion_GranDanes_4.jpeg,73_Orion_GranDanes,3344.3761750138096
4.Resultados_ext_caracteristicas/Eigen_Perros_QUERY/K_1/57_Mickey_Beagle/57_Mickey_Beagle_14.jpeg,57_Mickey_Beagle,4.Resultados_ext_caracteristicas/Eigen_Perros/K_50/73_Orion_GranDanes/73_Orion_GranDanes_6.jpeg,73_Orion_GranDanes,4765.7288005089
4.Resultados_ext_caracteristicas/Eigen_Perros_QUERY/K_1/57_Mickey_Beagle/57_Mickey_Beagle_14.jpeg,57_Mickey_Beagle,4.Resultados_ext_caracteristicas/Eigen_Perros/K_50/73_Orion_GranDanes/73_Orion_GranDanes_8.jpeg,73_Orion_GranDanes,3359.466326665591
4.Resultados_ext_caracteristicas/Eigen_Perros_QUERY/K_1/57_Mickey_Beagle/57_Mickey_Beagle_14.jpeg,57_Mickey_Beagle,4.Resultados_ext_caracteristicas/Eigen_Perros/K_50/73_Orion_GranDanes/73_Orion_GranDanes_10.jpeg,73_Orion_GranDanes,4630.789889424913
4.Resultados_ext_caracteristicas/Eigen_Perros_QUERY/K_1/57_Mickey_Beagle/57_Mickey_Beagle_14.jpeg,57_Mickey_Beagle,4.Resultados_ext_caracteristicas/Eigen_Perros/K_50/73_Orion_GranDanes/73_Orion_GranDanes_2.jpeg,73_Orion_GranDanes,3674.646785746897
4.Resultados_ext_caracteristicas/Eigen_Perros_QUERY/K_1/57_Mickey_Beagle/57_Mickey_Beagle_14.jpeg,57_Mickey_Beagle,4.Resultados_ext_caracteristicas/Eigen_Perros/K_50/73_Orion_GranDanes/73_Orion_GranDanes_9.jpeg,73_Orion_GranDanes,3883.9782440173376
4.Resultados_ext_caracteristicas/Eigen_Perros_QUERY/K_1/57_Mickey_Beagle/57_Mickey_Beagle_14.jpeg,57_Mickey_Beagle,4.Resultados_ext_caracteristicas/Eigen_Perros/K_50/69_Peaches_Pug/69_Peaches_Pug_4.png,69_Peaches_Pug,4027.6227479742934
4.Resultados_ext_caracteristicas/Eigen_Perros_QUERY/K_1/57_Mickey_Beagle/57_Mickey_Beagle_14.jpeg,57_Mickey_Beagle,4.Resultados_ext_caracteristicas/Eigen_Perros/K_50/69_Peaches_Pug/69_Peaches_Pug_2.png,69_Peaches_Pug,3591.911190438873
4.Resultados_ext_caracteristicas/Eigen_Perros_QUERY/K_1/57_Mickey_Beagle/57_Mickey_Beagle_14.jpeg,57_Mickey_Beagle,4.Resultados_ext_caracteristicas/Eigen_Perros/K_50/69_Peaches_Pug/69_Peaches_Pug_1.png,69_Peaches_Pug,3705.2972890174415
4.Resultados_ext_caracteristicas/Eigen_Perros_QUERY/K_1/57_Mickey_Beagle/57_Mickey_Beagle_14.jpeg,57_Mickey_Beagle,4.Resultados_ext_caracteristicas/Eigen_Perros/K_50/69_Peaches_Pug/69_Peaches_Pug_3.png,69_Peaches_Pug,4704.301754777217
4.Resultados_ext_caracteristicas/Eigen_Perros_QUERY/K_1/57_Mickey_Beagle/57_Mickey_Beagle_14.jpeg,57_Mickey_Beagle,4.Resultados_ext_caracteristicas/Eigen_Perros/K_50/69_Peaches_Pug/69_Peaches_Pug_9.png,69_Peaches_Pug,4492.501196438349
4.Resultados_ext_caracteristicas/Eigen_Perros_QUERY/K_1/57_Mickey_Beagle/57_Mickey_Beagle_14.jpeg,57_Mickey_Beagle,4.Resultados_ext_caracteristicas/Eigen_Perros/K_50/69_Peaches_Pug/69_Peaches_Pug_16.png,69_Peaches_Pug,5037.37173533977
4.Resultados_ext_caracteristicas/Eigen_Perros_QUERY/K_1/57_Mickey_Beagle/57_Mickey_Beagle_14.jpeg,57_Mickey_Beagle,4.Resultados_ext_caracteristicas/Eigen_Perros/K_50/69_Peaches_Pug/69_Peaches_Pug_14.png,69_Peaches_Pug,4821.193317011878
4.Resultados_ext_caracteristicas/Eigen_Perros_QUERY/K_1/57_Mickey_Beagle/57_Mickey_Beagle_14.jpeg,57_Mickey_Beagle,4.Resultados_ext_caracteristicas/Eigen_Perros/K_50/69_Peaches_Pug/69_Peaches_Pug_8.png,69_Peaches_Pug,3954.7687669445354
4.Resultados_ext_caracteristicas/Eigen_Perros_QUERY/K_1/57_Mickey_Beagle/57_Mickey_Beagle_14.jpeg,57_Mickey_Beagle,4.Resultados_ext_caracteristicas/Eigen_Perros/K_50/69_Peaches_Pug/69_Peaches_Pug_15.png,69_Peaches_Pug,4723.055049435693
4.Resultados_ext_caracteristicas/Eigen_Perros_QUERY/K_1/57_Mickey_Beagle/57_Mickey_Beagle_14.jpeg,57_Mickey_Beagle,4.Resultados_ext_caracteristicas/Eigen_Perros/K_50/69_Peaches_Pug/69_Peaches_Pug_12.png,69_Peaches_Pug,5988.321718144409
4.Resultados_ext_caracteristicas/Eigen_Perros_QUERY/K_1/57_Mickey_Beagle/57_Mickey_Beagle_14.jpeg,57_Mickey_Beagle,4.Resultados_ext_caracteristicas/Eigen_Perros/K_50/69_Peaches_Pug/69_Peaches_Pug_7.png,69_Peaches_Pug,4462.674534401988
4.Resultados_ext_caracteristicas/Eigen_Perros_QUERY/K_1/57_Mickey_Beagle/57_Mickey_Beagle_14.jpeg,57_Mickey_Beagle,4.Resultados_ext_caracteristicas/Eigen_Perros/K_50/69_Peaches_Pug/69_Peaches_Pug_11.png,69_Peaches_Pug,4013.6972980034257
4.Resultados_ext_caracteristicas/Eigen_Perros_QUERY/K_1/57_Mickey_Beagle/57_Mickey_Beagle_14.jpeg,57_Mickey_Beagle,4.Resultados_ext_caracteristicas/Eigen_Perros/K_50/69_Peaches_Pug/69_Peaches_Pug_10.png,69_Peaches_Pug,4565.822050846923
4.Resultados_ext_caracteristicas/Eigen_Perros_QUERY/K_1/57_Mickey_Beagle/57_Mickey_Beagle_14.jpeg,57_Mickey_Beagle,4.Resultados_ext_caracteristicas/Eigen_Perros/K_50/69_Peaches_Pug/69_Peaches_Pug_6.png,69_Peaches_Pug,4237.582919542696
4.Resultados_ext_caracteristicas/Eigen_Perros_QUERY/K_1/57_Mickey_Beagle/57_Mickey_Beagle_14.jpeg,57_Mickey_Beagle,4.Resultados_ext_caracteristicas/Eigen_Perros/K_50/69_Peaches_Pug/69_Peaches_Pug_5.png,69_Peaches_Pug,4592.6467314610645
4.Resultados_ext_caracteristicas/Eigen_Perros_QUERY/K_1/57_Mickey_Beagle/57_Mickey_Beagle_14.jpeg,57_Mickey_Beagle,4.Resultados_ext_caracteristicas/Eigen_Perros/K_50/85_Sarabi_MastinTibetano/85_Sarabi_MastinTibetano_6.jpeg,85_Sarabi_MastinTibetano,4577.3141688112255
4.Resultados_ext_caracteristicas/Eigen_Perros_QUERY/K_1/57_Mickey_Beagle/57_Mickey_Beagle_14.jpeg,57_Mickey_Beagle,4.Resultados_ext_caracteristicas/Eigen_Perros/K_50/85_Sarabi_MastinTibetano/85_Sarabi_MastinTibetano_5.jpeg,85_Sarabi_MastinTibetano,4657.751710857933
4.Resultados_ext_caracteristicas/Eigen_Perros_QUERY/K_1/57_Mickey_Beagle/57_Mickey_Beagle_14.jpeg,57_Mickey_Beagle,4.Resultados_ext_caracteristicas/Eigen_Perros/K_50/85_Sarabi_MastinTibetano/85_Sarabi_MastinTibetano_9.jpeg,85_Sarabi_MastinTibetano,4288.546257183196
4.Resultados_ext_caracteristicas/Eigen_Perros_QUERY/K_1/57_Mickey_Beagle/57_Mickey_Beagle_14.jpeg,57_Mickey_Beagle,4.Resultados_ext_caracteristicas/Eigen_Perros/K_50/85_Sarabi_MastinTibetano/85_Sarabi_MastinTibetano_2.jpeg,85_Sarabi_MastinTibetano,3662.5003754266017
4.Resultados_ext_caracteristicas/Eigen_Perros_QUERY/K_1/57_Mickey_Beagle/57_Mickey_Beagle_14.jpeg,57_Mickey_Beagle,4.Resultados_ext_caracteristicas/Eigen_Perros/K_50/85_Sarabi_MastinTibetano/85_Sarabi_MastinTibetano_4.jpeg,85_Sarabi_MastinTibetano,4441.609730717007
4.Resultados_ext_caracteristicas/Eigen_Perros_QUERY/K_1/57_Mickey_Beagle/57_Mickey_Beagle_14.jpeg,57_Mickey_Beagle,4.Resultados_ext_caracteristicas/Eigen_Perros/K_50/85_Sarabi_MastinTibetano/85_Sarabi_MastinTibetano_8.jpeg,85_Sarabi_MastinTibetano,4460.728527942493
4.Resultados_ext_caracteristicas/Eigen_Perros_QUERY/K_1/57_Mickey_Beagle/57_Mickey_Beagle_14.jpeg,57_Mickey_Beagle,4.Resultados_ext_caracteristicas/Eigen_Perros/K_50/84_Purcy_Pug/84_Purcy_Pug_5.png,84_Purcy_Pug,4806.6917937392245
4.Resultados_ext_caracteristicas/Eigen_Perros_QUERY/K_1/57_Mickey_Beagle/57_Mickey_Beagle_14.jpeg,57_Mickey_Beagle,4.Resultados_ext_caracteristicas/Eigen_Perros/K_50/84_Purcy_Pug/84_Purcy_Pug_3.png,84_Purcy_Pug,6116.573060137514
4.Resultados_ext_caracteristicas/Eigen_Perros_QUERY/K_1/57_Mickey_Beagle/57_Mickey_Beagle_14.jpeg,57_Mickey_Beagle,4.Resultados_ext_caracteristicas/Eigen_Perros/K_50/84_Purcy_Pug/84_Purcy_Pug_1.png,84_Purcy_Pug,6608.659773357984
4.Resultados_ext_caracteristicas/Eigen_Perros_QUERY/K_1/57_Mickey_Beagle/57_Mickey_Beagle_14.jpeg,57_Mickey_Beagle,4.Resultados_ext_caracteristicas/Eigen_Perros/K_50/84_Purcy_Pug/84_Purcy_Pug_4.png,84_Purcy_Pug,4538.786732156514
4.Resultados_ext_caracteristicas/Eigen_Perros_QUERY/K_1/57_Mickey_Beagle/57_Mickey_Beagle_14.jpeg,57_Mickey_Beagle,4.Resultados_ext_caracteristicas/Eigen_Perros/K_50/84_Purcy_Pug/84_Purcy_Pug_8.png,84_Purcy_Pug,6593.0298801082345
4.Resultados_ext_caracteristicas/Eigen_Perros_QUERY/K_1/57_Mickey_Beagle/57_Mickey_Beagle_14.jpeg,57_Mickey_Beagle,4.Resultados_ext_caracteristicas/Eigen_Perros/K_50/84_Purcy_Pug/84_Purcy_Pug_12.png,84_Purcy_Pug,2335.3314539910602
4.Resultados_ext_caracteristicas/Eigen_Perros_QUERY/K_1/57_Mickey_Beagle/57_Mickey_Beagle_14.jpeg,57_Mickey_Beagle,4.Resultados_ext_caracteristicas/Eigen_Perros/K_50/84_Purcy_Pug/84_Purcy_Pug_9.png,84_Purcy_Pug,4514.385340220748
4.Resultados_ext_caracteristicas/Eigen_Perros_QUERY/K_1/57_Mickey_Beagle/57_Mickey_Beagle_14.jpeg,57_Mickey_Beagle,4.Resultados_ext_caracteristicas/Eigen_Perros/K_50/84_Purcy_Pug/84_Purcy_Pug_13.png,84_Purcy_Pug,6472.83060183101
4.Resultados_ext_caracteristicas/Eigen_Perros_QUERY/K_1/57_Mickey_Beagle/57_Mickey_Beagle_14.jpeg,57_Mickey_Beagle,4.Resultados_ext_caracteristicas/Eigen_Perros/K_50/84_Purcy_Pug/84_Purcy_Pug_10.png,84_Purcy_Pug,5761.262014524248
4.Resultados_ext_caracteristicas/Eigen_Perros_QUERY/K_1/57_Mickey_Beagle/57_Mickey_Beagle_14.jpeg,57_Mickey_Beagle,4.Resultados_ext_caracteristicas/Eigen_Perros/K_50/84_Purcy_Pug/84_Purcy_Pug_6.png,84_Purcy_Pug,6075.717982263495
4.Resultados_ext_caracteristicas/Eigen_Perros_QUERY/K_1/57_Mickey_Beagle/57_Mickey_Beagle_14.jpeg,57_Mickey_Beagle,4.Resultados_ext_caracteristicas/Eigen_Perros/K_50/84_Purcy_Pug/84_Purcy_Pug_7.png,84_Purcy_Pug,5916.699755776019
4.Resultados_ext_caracteristicas/Eigen_Perros_QUERY/K_1/57_Mickey_Beagle/57_Mickey_Beagle_14.jpeg,57_Mickey_Beagle,4.Resultados_ext_caracteristicas/Eigen_Perros/K_50/84_Purcy_Pug/84_Purcy_Pug_2.png,84_Purcy_Pug,4495.2894233853285
4.Resultados_ext_caracteristicas/Eigen_Perros_QUERY/K_1/57_Mickey_Beagle/57_Mickey_Beagle_14.jpeg,57_Mickey_Beagle,4.Resultados_ext_caracteristicas/Eigen_Perros/K_50/86_Skye_Husky/86_Skye_Husky_6.png,86_Skye_Husky,3888.601290952828
4.Resultados_ext_caracteristicas/Eigen_Perros_QUERY/K_1/57_Mickey_Beagle/57_Mickey_Beagle_14.jpeg,57_Mickey_Beagle,4.Resultados_ext_caracteristicas/Eigen_Perros/K_50/86_Skye_Husky/86_Skye_Husky_5.png,86_Skye_Husky,3846.56964060187
4.Resultados_ext_caracteristicas/Eigen_Perros_QUERY/K_1/57_Mickey_Beagle/57_Mickey_Beagle_14.jpeg,57_Mickey_Beagle,4.Resultados_ext_caracteristicas/Eigen_Perros/K_50/86_Skye_Husky/86_Skye_Husky_1.png,86_Skye_Husky,4014.2035324582134
4.Resultados_ext_caracteristicas/Eigen_Perros_QUERY/K_1/57_Mickey_Beagle/57_Mickey_Beagle_14.jpeg,57_Mickey_Beagle,4.Resultados_ext_caracteristicas/Eigen_Perros/K_50/86_Skye_Husky/86_Skye_Husky_4.png,86_Skye_Husky,4055.6304072240114
4.Resultados_ext_caracteristicas/Eigen_Perros_QUERY/K_1/57_Mickey_Beagle/57_Mickey_Beagle_14.jpeg,57_Mickey_Beagle,4.Resultados_ext_caracteristicas/Eigen_Perros/K_50/86_Skye_Husky/86_Skye_Husky_2.png,86_Skye_Husky,4787.733493000628
4.Resultados_ext_caracteristicas/Eigen_Perros_QUERY/K_1/57_Mickey_Beagle/57_Mickey_Beagle_14.jpeg,57_Mickey_Beagle,4.Resultados_ext_caracteristicas/Eigen_Perros/K_50/87_Skipper_Husky/87_Skipper_Husky_2.png,87_Skipper_Husky,4052.0579956362917
4.Resultados_ext_caracteristicas/Eigen_Perros_QUERY/K_1/57_Mickey_Beagle/57_Mickey_Beagle_14.jpeg,57_Mickey_Beagle,4.Resultados_ext_caracteristicas/Eigen_Perros/K_50/87_Skipper_Husky/87_Skipper_Husky_3.png,87_Skipper_Husky,4731.166452366689
4.Resultados_ext_caracteristicas/Eigen_Perros_QUERY/K_1/57_Mickey_Beagle/57_Mickey_Beagle_14.jpeg,57_Mickey_Beagle,4.Resultados_ext_caracteristicas/Eigen_Perros/K_50/87_Skipper_Husky/87_Skipper_Husky_1.png,87_Skipper_Husky,4269.995081964381
4.Resultados_ext_caracteristicas/Eigen_Perros_QUERY/K_1/57_Mickey_Beagle/57_Mickey_Beagle_14.jpeg,57_Mickey_Beagle,4.Resultados_ext_caracteristicas/Eigen_Perros/K_50/87_Skipper_Husky/87_Skipper_Husky_8.png,87_Skipper_Husky,3407.4327579572278
4.Resultados_ext_caracteristicas/Eigen_Perros_QUERY/K_1/57_Mickey_Beagle/57_Mickey_Beagle_14.jpeg,57_Mickey_Beagle,4.Resultados_ext_caracteristicas/Eigen_Perros/K_50/87_Skipper_Husky/87_Skipper_Husky_5.png,87_Skipper_Husky,4625.974708102067
4.Resultados_ext_caracteristicas/Eigen_Perros_QUERY/K_1/57_Mickey_Beagle/57_Mickey_Beagle_14.jpeg,57_Mickey_Beagle,4.Resultados_ext_caracteristicas/Eigen_Perros/K_50/87_Skipper_Husky/87_Skipper_Husky_6.png,87_Skipper_Husky,3616.263956074003
4.Resultados_ext_caracteristicas/Eigen_Perros_QUERY/K_1/57_Mickey_Beagle/57_Mickey_Beagle_14.jpeg,57_Mickey_Beagle,4.Resultados_ext_caracteristicas/Eigen_Perros/K_50/87_Skipper_Husky/87_Skipper_Husky_7.png,87_Skipper_Husky,3745.935797634551
4.Resultados_ext_caracteristicas/Eigen_Perros_QUERY/K_1/57_Mickey_Beagle/57_Mickey_Beagle_14.jpeg,57_Mickey_Beagle,4.Resultados_ext_caracteristicas/Eigen_Perros/K_50/83_Roscoe_Pug/83_Roscoe_Pug_4.png,83_Roscoe_Pug,3481.7462572680392
4.Resultados_ext_caracteristicas/Eigen_Perros_QUERY/K_1/57_Mickey_Beagle/57_Mickey_Beagle_14.jpeg,57_Mickey_Beagle,4.Resultados_ext_caracteristicas/Eigen_Perros/K_50/83_Roscoe_Pug/83_Roscoe_Pug_2.png,83_Roscoe_Pug,2149.982092948683
4.Resultados_ext_caracteristicas/Eigen_Perros_QUERY/K_1/57_Mickey_Beagle/57_Mickey_Beagle_14.jpeg,57_Mickey_Beagle,4.Resultados_ext_caracteristicas/Eigen_Perros/K_50/83_Roscoe_Pug/83_Roscoe_Pug_3.png,83_Roscoe_Pug,3495.145633589536
4.Resultados_ext_caracteristicas/Eigen_Perros_QUERY/K_1/57_Mickey_Beagle/57_Mickey_Beagle_14.jpeg,57_Mickey_Beagle,4.Resultados_ext_caracteristicas/Eigen_Perros/K_50/83_Roscoe_Pug/83_Roscoe_Pug_8.png,83_Roscoe_Pug,3052.7372962637974
4.Resultados_ext_caracteristicas/Eigen_Perros_QUERY/K_1/57_Mickey_Beagle/57_Mickey_Beagle_14.jpeg,57_Mickey_Beagle,4.Resultados_ext_caracteristicas/Eigen_Perros/K_50/83_Roscoe_Pug/83_Roscoe_Pug_9.png,83_Roscoe_Pug,3609.1654159930104
4.Resultados_ext_caracteristicas/Eigen_Perros_QUERY/K_1/57_Mickey_Beagle/57_Mickey_Beagle_14.jpeg,57_Mickey_Beagle,4.Resultados_ext_caracteristicas/Eigen_Perros/K_50/83_Roscoe_Pug/83_Roscoe_Pug_10.png,83_Roscoe_Pug,3609.0563863702655
4.Resultados_ext_caracteristicas/Eigen_Perros_QUERY/K_1/57_Mickey_Beagle/57_Mickey_Beagle_14.jpeg,57_Mickey_Beagle,4.Resultados_ext_caracteristicas/Eigen_Perros/K_50/83_Roscoe_Pug/83_Roscoe_Pug_6.png,83_Roscoe_Pug,3287.246872384245
4.Resultados_ext_caracteristicas/Eigen_Perros_QUERY/K_1/57_Mickey_Beagle/57_Mickey_Beagle_14.jpeg,57_Mickey_Beagle,4.Resultados_ext_caracteristicas/Eigen_Perros/K_50/83_Roscoe_Pug/83_Roscoe_Pug_5.png,83_Roscoe_Pug,3580.5562417032356
4.Resultados_ext_caracteristicas/Eigen_Perros_QUERY/K_1/57_Mickey_Beagle/57_Mickey_Beagle_14.jpeg,57_Mickey_Beagle,4.Resultados_ext_caracteristicas/Eigen_Perros/K_50/83_Roscoe_Pug/83_Roscoe_Pug_7.png,83_Roscoe_Pug,4256.910851779727
4.Resultados_ext_caracteristicas/Eigen_Perros_QUERY/K_1/57_Mickey_Beagle/57_Mickey_Beagle_14.jpeg,57_Mickey_Beagle,4.Resultados_ext_caracteristicas/Eigen_Perros/K_50/88_Wilco_Pug/88_Wilco_Pug_3.png,88_Wilco_Pug,3414.3848640714186
4.Resultados_ext_caracteristicas/Eigen_Perros_QUERY/K_1/57_Mickey_Beagle/57_Mickey_Beagle_14.jpeg,57_Mickey_Beagle,4.Resultados_ext_caracteristicas/Eigen_Perros/K_50/88_Wilco_Pug/88_Wilco_Pug_1.png,88_Wilco_Pug,6348.131221076011
4.Resultados_ext_caracteristicas/Eigen_Perros_QUERY/K_1/57_Mickey_Beagle/57_Mickey_Beagle_14.jpeg,57_Mickey_Beagle,4.Resultados_ext_caracteristicas/Eigen_Perros/K_50/88_Wilco_Pug/88_Wilco_Pug_5.png,88_Wilco_Pug,5124.995414632095
4.Resultados_ext_caracteristicas/Eigen_Perros_QUERY/K_1/57_Mickey_Beagle/57_Mickey_Beagle_14.jpeg,57_Mickey_Beagle,4.Resultados_ext_caracteristicas/Eigen_Perros/K_50/88_Wilco_Pug/88_Wilco_Pug_2.png,88_Wilco_Pug,3068.2143015115485
4.Resultados_ext_caracteristicas/Eigen_Perros_QUERY/K_1/57_Mickey_Beagle/57_Mickey_Beagle_14.jpeg,57_Mickey_Beagle,4.Resultados_ext_caracteristicas/Eigen_Perros/K_50/81_Rico_Pug/81_Rico_Pug_1.png,81_Rico_Pug,5194.72520928682
4.Resultados_ext_caracteristicas/Eigen_Perros_QUERY/K_1/57_Mickey_Beagle/57_Mickey_Beagle_14.jpeg,57_Mickey_Beagle,4.Resultados_ext_caracteristicas/Eigen_Perros/K_50/81_Rico_Pug/81_Rico_Pug_2.png,81_Rico_Pug,3065.3799112018723
4.Resultados_ext_caracteristicas/Eigen_Perros_QUERY/K_1/57_Mickey_Beagle/57_Mickey_Beagle_14.jpeg,57_Mickey_Beagle,4.Resultados_ext_caracteristicas/Eigen_Perros/K_50/81_Rico_Pug/81_Rico_Pug_4.png,81_Rico_Pug,3796.533682189584
4.Resultados_ext_caracteristicas/Eigen_Perros_QUERY/K_1/57_Mickey_Beagle/57_Mickey_Beagle_14.jpeg,57_Mickey_Beagle,4.Resultados_ext_caracteristicas/Eigen_Perros/K_50/81_Rico_Pug/81_Rico_Pug_6.png,81_Rico_Pug,3975.181127948763
4.Resultados_ext_caracteristicas/Eigen_Perros_QUERY/K_1/57_Mickey_Beagle/57_Mickey_Beagle_14.jpeg,57_Mickey_Beagle,4.Resultados_ext_caracteristicas/Eigen_Perros/K_50/81_Rico_Pug/81_Rico_Pug_5.png,81_Rico_Pug,3869.119925771234
4.Resultados_ext_caracteristicas/Eigen_Perros_QUERY/K_1/57_Mickey_Beagle/57_Mickey_Beagle_14.jpeg,57_Mickey_Beagle,4.Resultados_ext_caracteristicas/Eigen_Perros/K_50/78_Rave_Husky/78_Rave_Husky_2.png,78_Rave_Husky,3921.38954963671
4.Resultados_ext_caracteristicas/Eigen_Perros_QUERY/K_1/57_Mickey_Beagle/57_Mickey_Beagle_14.jpeg,57_Mickey_Beagle,4.Resultados_ext_caracteristicas/Eigen_Perros/K_50/78_Rave_Husky/78_Rave_Husky_6.png,78_Rave_Husky,3462.910625471007
4.Resultados_ext_caracteristicas/Eigen_Perros_QUERY/K_1/57_Mickey_Beagle/57_Mickey_Beagle_14.jpeg,57_Mickey_Beagle,4.Resultados_ext_caracteristicas/Eigen_Perros/K_50/78_Rave_Husky/78_Rave_Husky_7.png,78_Rave_Husky,3877.971376892821
4.Resultados_ext_caracteristicas/Eigen_Perros_QUERY/K_1/57_Mickey_Beagle/57_Mickey_Beagle_14.jpeg,57_Mickey_Beagle,4.Resultados_ext_caracteristicas/Eigen_Perros/K_50/78_Rave_Husky/78_Rave_Husky_5.png,78_Rave_Husky,3958.7755682786565
4.Resultados_ext_caracteristicas/Eigen_Perros_QUERY/K_1/57_Mickey_Beagle/57_Mickey_Beagle_14.jpeg,57_Mickey_Beagle,4.Resultados_ext_caracteristicas/Eigen_Perros/K_50/78_Rave_Husky/78_Rave_Husky_1.png,78_Rave_Husky,4111.451203650604
4.Resultados_ext_caracteristicas/Eigen_Perros_QUERY/K_1/57_Mickey_Beagle/57_Mickey_Beagle_14.jpeg,57_Mickey_Beagle,4.Resultados_ext_caracteristicas/Eigen_Perros/K_50/78_Rave_Husky/78_Rave_Husky_3.png,78_Rave_Husky,5166.484007523879
4.Resultados_ext_caracteristicas/Eigen_Perros_QUERY/K_1/57_Mickey_Beagle/57_Mickey_Beagle_14.jpeg,57_Mickey_Beagle,4.Resultados_ext_caracteristicas/Eigen_Perros/K_50/82_Ridley_Pug/82_Ridley_Pug_5.png,82_Ridley_Pug,4021.741289541136
4.Resultados_ext_caracteristicas/Eigen_Perros_QUERY/K_1/57_Mickey_Beagle/57_Mickey_Beagle_14.jpeg,57_Mickey_Beagle,4.Resultados_ext_caracteristicas/Eigen_Perros/K_50/82_Ridley_Pug/82_Ridley_Pug_6.png,82_Ridley_Pug,4205.730019865755
4.Resultados_ext_caracteristicas/Eigen_Perros_QUERY/K_1/57_Mickey_Beagle/57_Mickey_Beagle_14.jpeg,57_Mickey_Beagle,4.Resultados_ext_caracteristicas/Eigen_Perros/K_50/82_Ridley_Pug/82_Ridley_Pug_2.png,82_Ridley_Pug,6338.859124479735
4.Resultados_ext_caracteristicas/Eigen_Perros_QUERY/K_1/57_Mickey_Beagle/57_Mickey_Beagle_14.jpeg,57_Mickey_Beagle,4.Resultados_ext_caracteristicas/Eigen_Perros/K_50/82_Ridley_Pug/82_Ridley_Pug_1.png,82_Ridley_Pug,4452.0345910605865
4.Resultados_ext_caracteristicas/Eigen_Perros_QUERY/K_1/57_Mickey_Beagle/57_Mickey_Beagle_14.jpeg,57_Mickey_Beagle,4.Resultados_ext_caracteristicas/Eigen_Perros/K_50/82_Ridley_Pug/82_Ridley_Pug_10.png,82_Ridley_Pug,5967.20830874874
4.Resultados_ext_caracteristicas/Eigen_Perros_QUERY/K_1/57_Mickey_Beagle/57_Mickey_Beagle_14.jpeg,57_Mickey_Beagle,4.Resultados_ext_caracteristicas/Eigen_Perros/K_50/82_Ridley_Pug/82_Ridley_Pug_11.png,82_Ridley_Pug,6170.665523264083
4.Resultados_ext_caracteristicas/Eigen_Perros_QUERY/K_1/57_Mickey_Beagle/57_Mickey_Beagle_14.jpeg,57_Mickey_Beagle,4.Resultados_ext_caracteristicas/Eigen_Perros/K_50/82_Ridley_Pug/82_Ridley_Pug_9.png,82_Ridley_Pug,5142.395842406533
4.Resultados_ext_caracteristicas/Eigen_Perros_QUERY/K_1/57_Mickey_Beagle/57_Mickey_Beagle_14.jpeg,57_Mickey_Beagle,4.Resultados_ext_caracteristicas/Eigen_Perros/K_50/82_Ridley_Pug/82_Ridley_Pug_3.png,82_Ridley_Pug,2355.0505302434594
4.Resultados_ext_caracteristicas/Eigen_Perros_QUERY/K_1/57_Mickey_Beagle/57_Mickey_Beagle_14.jpeg,57_Mickey_Beagle,4.Resultados_ext_caracteristicas/Eigen_Perros/K_50/82_Ridley_Pug/82_Ridley_Pug_7.png,82_Ridley_Pug,3071.4815643268967
4.Resultados_ext_caracteristicas/Eigen_Perros_QUERY/K_1/57_Mickey_Beagle/57_Mickey_Beagle_14.jpeg,57_Mickey_Beagle,4.Resultados_ext_caracteristicas/Eigen_Perros/K_50/82_Ridley_Pug/82_Ridley_Pug_17.png,82_Ridley_Pug,4535.991843026175
4.Resultados_ext_caracteristicas/Eigen_Perros_QUERY/K_1/57_Mickey_Beagle/57_Mickey_Beagle_14.jpeg,57_Mickey_Beagle,4.Resultados_ext_caracteristicas/Eigen_Perros/K_50/82_Ridley_Pug/82_Ridley_Pug_12.png,82_Ridley_Pug,5495.127842006954
4.Resultados_ext_caracteristicas/Eigen_Perros_QUERY/K_1/57_Mickey_Beagle/57_Mickey_Beagle_14.jpeg,57_Mickey_Beagle,4.Resultados_ext_caracteristicas/Eigen_Perros/K_50/82_Ridley_Pug/82_Ridley_Pug_19.png,82_Ridley_Pug,3621.441701864052
4.Resultados_ext_caracteristicas/Eigen_Perros_QUERY/K_1/57_Mickey_Beagle/57_Mickey_Beagle_14.jpeg,57_Mickey_Beagle,4.Resultados_ext_caracteristicas/Eigen_Perros/K_50/82_Ridley_Pug/82_Ridley_Pug_14.png,82_Ridley_Pug,4077.108902151131
4.Resultados_ext_caracteristicas/Eigen_Perros_QUERY/K_1/57_Mickey_Beagle/57_Mickey_Beagle_14.jpeg,57_Mickey_Beagle,4.Resultados_ext_caracteristicas/Eigen_Perros/K_50/82_Ridley_Pug/82_Ridley_Pug_16.png,82_Ridley_Pug,4702.523046195521
4.Resultados_ext_caracteristicas/Eigen_Perros_QUERY/K_1/57_Mickey_Beagle/57_Mickey_Beagle_14.jpeg,57_Mickey_Beagle,4.Resultados_ext_caracteristicas/Eigen_Perros/K_50/82_Ridley_Pug/82_Ridley_Pug_13.png,82_Ridley_Pug,5775.1526386754485
4.Resultados_ext_caracteristicas/Eigen_Perros_QUERY/K_1/57_Mickey_Beagle/57_Mickey_Beagle_14.jpeg,57_Mickey_Beagle,4.Resultados_ext_caracteristicas/Eigen_Perros/K_50/82_Ridley_Pug/82_Ridley_Pug_18.png,82_Ridley_Pug,4117.197347711183
4.Resultados_ext_caracteristicas/Eigen_Perros_QUERY/K_1/57_Mickey_Beagle/57_Mickey_Beagle_14.jpeg,57_Mickey_Beagle,4.Resultados_ext_caracteristicas/Eigen_Perros/K_50/82_Ridley_Pug/82_Ridley_Pug_15.png,82_Ridley_Pug,5126.958552592365
4.Resultados_ext_caracteristicas/Eigen_Perros_QUERY/K_1/57_Mickey_Beagle/57_Mickey_Beagle_14.jpeg,57_Mickey_Beagle,4.Resultados_ext_caracteristicas/Eigen_Perros/K_50/82_Ridley_Pug/82_Ridley_Pug_8.png,82_Ridley_Pug,5707.825417792664
4.Resultados_ext_caracteristicas/Eigen_Perros_QUERY/K_1/57_Mickey_Beagle/57_Mickey_Beagle_14.jpeg,57_Mickey_Beagle,4.Resultados_ext_caracteristicas/Eigen_Perros/K_50/80_Santa_Criollo/80_Santa_Criollo_1.jpeg,80_Santa_Criollo,3465.6582347369454
4.Resultados_ext_caracteristicas/Eigen_Perros_QUERY/K_1/57_Mickey_Beagle/57_Mickey_Beagle_14.jpeg,57_Mickey_Beagle,4.Resultados_ext_caracteristicas/Eigen_Perros/K_50/80_Santa_Criollo/80_Santa_Criollo_3.jpeg,80_Santa_Criollo,3683.7303104326193
4.Resultados_ext_caracteristicas/Eigen_Perros_QUERY/K_1/57_Mickey_Beagle/57_Mickey_Beagle_14.jpeg,57_Mickey_Beagle,4.Resultados_ext_caracteristicas/Eigen_Perros/K_50/80_Santa_Criollo/80_Santa_Criollo_10.jpeg,80_Santa_Criollo,3559.1078938408145
4.Resultados_ext_caracteristicas/Eigen_Perros_QUERY/K_1/57_Mickey_Beagle/57_Mickey_Beagle_14.jpeg,57_Mickey_Beagle,4.Resultados_ext_caracteristicas/Eigen_Perros/K_50/80_Santa_Criollo/80_Santa_Criollo_6.jpeg,80_Santa_Criollo,3396.4110469729662
4.Resultados_ext_caracteristicas/Eigen_Perros_QUERY/K_1/57_Mickey_Beagle/57_Mickey_Beagle_14.jpeg,57_Mickey_Beagle,4.Resultados_ext_caracteristicas/Eigen_Perros/K_50/80_Santa_Criollo/80_Santa_Criollo_11.jpeg,80_Santa_Criollo,3599.2817339019184
4.Resultados_ext_caracteristicas/Eigen_Perros_QUERY/K_1/57_Mickey_Beagle/57_Mickey_Beagle_14.jpeg,57_Mickey_Beagle,4.Resultados_ext_caracteristicas/Eigen_Perros/K_50/80_Santa_Criollo/80_Santa_Criollo_13.jpeg,80_Santa_Criollo,4144.295838860928
4.Resultados_ext_caracteristicas/Eigen_Perros_QUERY/K_1/57_Mickey_Beagle/57_Mickey_Beagle_14.jpeg,57_Mickey_Beagle,4.Resultados_ext_caracteristicas/Eigen_Perros/K_50/80_Santa_Criollo/80_Santa_Criollo_15.jpeg,80_Santa_Criollo,3686.6518685658402
4.Resultados_ext_caracteristicas/Eigen_Perros_QUERY/K_1/57_Mickey_Beagle/57_Mickey_Beagle_14.jpeg,57_Mickey_Beagle,4.Resultados_ext_caracteristicas/Eigen_Perros/K_50/80_Santa_Criollo/80_Santa_Criollo_16.jpeg,80_Santa_Criollo,3548.984784413706
4.Resultados_ext_caracteristicas/Eigen_Perros_QUERY/K_1/57_Mickey_Beagle/57_Mickey_Beagle_14.jpeg,57_Mickey_Beagle,4.Resultados_ext_caracteristicas/Eigen_Perros/K_50/80_Santa_Criollo/80_Santa_Criollo_14.jpeg,80_Santa_Criollo,2925.222555635725
4.Resultados_ext_caracteristicas/Eigen_Perros_QUERY/K_1/57_Mickey_Beagle/57_Mickey_Beagle_14.jpeg,57_Mickey_Beagle,4.Resultados_ext_caracteristicas/Eigen_Perros/K_50/80_Santa_Criollo/80_Santa_Criollo_17.jpeg,80_Santa_Criollo,3613.31233081227
4.Resultados_ext_caracteristicas/Eigen_Perros_QUERY/K_1/57_Mickey_Beagle/57_Mickey_Beagle_14.jpeg,57_Mickey_Beagle,4.Resultados_ext_caracteristicas/Eigen_Perros/K_50/80_Santa_Criollo/80_Santa_Criollo_2.jpeg,80_Santa_Criollo,3454.3304705832647
4.Resultados_ext_caracteristicas/Eigen_Perros_QUERY/K_1/57_Mickey_Beagle/57_Mickey_Beagle_14.jpeg,57_Mickey_Beagle,4.Resultados_ext_caracteristicas/Eigen_Perros/K_50/80_Santa_Criollo/80_Santa_Criollo_5.jpeg,80_Santa_Criollo,4878.9009008177245
4.Resultados_ext_caracteristicas/Eigen_Perros_QUERY/K_1/57_Mickey_Beagle/57_Mickey_Beagle_14.jpeg,57_Mickey_Beagle,4.Resultados_ext_caracteristicas/Eigen_Perros/K_50/80_Santa_Criollo/80_Santa_Criollo_8.jpeg,80_Santa_Criollo,4666.233384647622
4.Resultados_ext_caracteristicas/Eigen_Perros_QUERY/K_1/57_Mickey_Beagle/57_Mickey_Beagle_14.jpeg,57_Mickey_Beagle,4.Resultados_ext_caracteristicas/Eigen_Perros/K_50/80_Santa_Criollo/80_Santa_Criollo_7.jpeg,80_Santa_Criollo,3803.4522476297766
4.Resultados_ext_caracteristicas/Eigen_Perros_QUERY/K_1/57_Mickey_Beagle/57_Mickey_Beagle_14.jpeg,57_Mickey_Beagle,4.Resultados_ext_caracteristicas/Eigen_Perros/K_50/80_Santa_Criollo/80_Santa_Criollo_4.jpeg,80_Santa_Criollo,4616.722863677221
4.Resultados_ext_caracteristicas/Eigen_Perros_QUERY/K_1/57_Mickey_Beagle/57_Mickey_Beagle_14.jpeg,57_Mickey_Beagle,4.Resultados_ext_caracteristicas/Eigen_Perros/K_50/80_Santa_Criollo/80_Santa_Criollo_19.jpeg,80_Santa_Criollo,3678.735788283796
4.Resultados_ext_caracteristicas/Eigen_Perros_QUERY/K_1/57_Mickey_Beagle/57_Mickey_Beagle_14.jpeg,57_Mickey_Beagle,4.Resultados_ext_caracteristicas/Eigen_Perros/K_50/80_Santa_Criollo/80_Santa_Criollo_12.jpeg,80_Santa_Criollo,3393.838092779324
4.Resultados_ext_caracteristicas/Eigen_Perros_QUERY/K_1/57_Mickey_Beagle/57_Mickey_Beagle_14.jpeg,57_Mickey_Beagle,4.Resultados_ext_caracteristicas/Eigen_Perros/K_50/80_Santa_Criollo/80_Santa_Criollo_9.jpeg,80_Santa_Criollo,3857.255501000679
4.Resultados_ext_caracteristicas/Eigen_Perros_QUERY/K_1/57_Mickey_Beagle/57_Mickey_Beagle_14.jpeg,57_Mickey_Beagle,4.Resultados_ext_caracteristicas/Eigen_Perros/K_50/80_Santa_Criollo/80_Santa_Criollo_18.jpeg,80_Santa_Criollo,3137.569122744549
4.Resultados_ext_caracteristicas/Eigen_Perros_QUERY/K_1/57_Mickey_Beagle/57_Mickey_Beagle_14.jpeg,57_Mickey_Beagle,4.Resultados_ext_caracteristicas/Eigen_Perros/K_50/80_Santa_Criollo/80_Santa_Criollo_21.jpeg,80_Santa_Criollo,3785.944928284087
4.Resultados_ext_caracteristicas/Eigen_Perros_QUERY/K_1/57_Mickey_Beagle/57_Mickey_Beagle_14.jpeg,57_Mickey_Beagle,4.Resultados_ext_caracteristicas/Eigen_Perros/K_50/91_Toby2_Schnauzer/91_Toby2_Schnauzer_4.jpeg,91_Toby2_Schnauzer,4576.795166926307
4.Resultados_ext_caracteristicas/Eigen_Perros_QUERY/K_1/57_Mickey_Beagle/57_Mickey_Beagle_14.jpeg,57_Mickey_Beagle,4.Resultados_ext_caracteristicas/Eigen_Perros/K_50/91_Toby2_Schnauzer/91_Toby2_Schnauzer_3.jpeg,91_Toby2_Schnauzer,4031.742179257002
4.Resultados_ext_caracteristicas/Eigen_Perros_QUERY/K_1/57_Mickey_Beagle/57_Mickey_Beagle_14.jpeg,57_Mickey_Beagle,4.Resultados_ext_caracteristicas/Eigen_Perros/K_50/91_Toby2_Schnauzer/91_Toby2_Schnauzer_2.jpeg,91_Toby2_Schnauzer,4494.186466981538
4.Resultados_ext_caracteristicas/Eigen_Perros_QUERY/K_1/57_Mickey_Beagle/57_Mickey_Beagle_14.jpeg,57_Mickey_Beagle,4.Resultados_ext_caracteristicas/Eigen_Perros/K_50/91_Toby2_Schnauzer/91_Toby2_Schnauzer_1.jpeg,91_Toby2_Schnauzer,3562.654487878385
4.Resultados_ext_caracteristicas/Eigen_Perros_QUERY/K_1/57_Mickey_Beagle/57_Mickey_Beagle_14.jpeg,57_Mickey_Beagle,4.Resultados_ext_caracteristicas/Eigen_Perros/K_50/97_Tala_Husky/97_Tala_Husky_6.png,97_Tala_Husky,4338.745325552077
4.Resultados_ext_caracteristicas/Eigen_Perros_QUERY/K_1/57_Mickey_Beagle/57_Mickey_Beagle_14.jpeg,57_Mickey_Beagle,4.Resultados_ext_caracteristicas/Eigen_Perros/K_50/97_Tala_Husky/97_Tala_Husky_1.png,97_Tala_Husky,2999.6389782772194
4.Resultados_ext_caracteristicas/Eigen_Perros_QUERY/K_1/57_Mickey_Beagle/57_Mickey_Beagle_14.jpeg,57_Mickey_Beagle,4.Resultados_ext_caracteristicas/Eigen_Perros/K_50/97_Tala_Husky/97_Tala_Husky_5.png,97_Tala_Husky,4657.208606021422
4.Resultados_ext_caracteristicas/Eigen_Perros_QUERY/K_1/57_Mickey_Beagle/57_Mickey_Beagle_14.jpeg,57_Mickey_Beagle,4.Resultados_ext_caracteristicas/Eigen_Perros/K_50/97_Tala_Husky/97_Tala_Husky_2.png,97_Tala_Husky,4371.7330659590825
4.Resultados_ext_caracteristicas/Eigen_Perros_QUERY/K_1/57_Mickey_Beagle/57_Mickey_Beagle_14.jpeg,57_Mickey_Beagle,4.Resultados_ext_caracteristicas/Eigen_Perros/K_50/97_Tala_Husky/97_Tala_Husky_4.png,97_Tala_Husky,4337.718063682793
4.Resultados_ext_caracteristicas/Eigen_Perros_QUERY/K_1/57_Mickey_Beagle/57_Mickey_Beagle_14.jpeg,57_Mickey_Beagle,4.Resultados_ext_caracteristicas/Eigen_Perros/K_50/99_Yoda_Pug/99_Yoda_Pug_4.png,99_Yoda_Pug,4025.600203696338
4.Resultados_ext_caracteristicas/Eigen_Perros_QUERY/K_1/57_Mickey_Beagle/57_Mickey_Beagle_14.jpeg,57_Mickey_Beagle,4.Resultados_ext_caracteristicas/Eigen_Perros/K_50/99_Yoda_Pug/99_Yoda_Pug_8.png,99_Yoda_Pug,3883.6382426791506
4.Resultados_ext_caracteristicas/Eigen_Perros_QUERY/K_1/57_Mickey_Beagle/57_Mickey_Beagle_14.jpeg,57_Mickey_Beagle,4.Resultados_ext_caracteristicas/Eigen_Perros/K_50/99_Yoda_Pug/99_Yoda_Pug_6.png,99_Yoda_Pug,3643.278880349403
4.Resultados_ext_caracteristicas/Eigen_Perros_QUERY/K_1/57_Mickey_Beagle/57_Mickey_Beagle_14.jpeg,57_Mickey_Beagle,4.Resultados_ext_caracteristicas/Eigen_Perros/K_50/99_Yoda_Pug/99_Yoda_Pug_11.png,99_Yoda_Pug,3760.0840416139636
4.Resultados_ext_caracteristicas/Eigen_Perros_QUERY/K_1/57_Mickey_Beagle/57_Mickey_Beagle_14.jpeg,57_Mickey_Beagle,4.Resultados_ext_caracteristicas/Eigen_Perros/K_50/99_Yoda_Pug/99_Yoda_Pug_5.png,99_Yoda_Pug,3712.4700672193976
4.Resultados_ext_caracteristicas/Eigen_Perros_QUERY/K_1/57_Mickey_Beagle/57_Mickey_Beagle_14.jpeg,57_Mickey_Beagle,4.Resultados_ext_caracteristicas/Eigen_Perros/K_50/99_Yoda_Pug/99_Yoda_Pug_7.png,99_Yoda_Pug,5311.856737525966
4.Resultados_ext_caracteristicas/Eigen_Perros_QUERY/K_1/57_Mickey_Beagle/57_Mickey_Beagle_14.jpeg,57_Mickey_Beagle,4.Resultados_ext_caracteristicas/Eigen_Perros/K_50/99_Yoda_Pug/99_Yoda_Pug_10.png,99_Yoda_Pug,3499.0774498430296
4.Resultados_ext_caracteristicas/Eigen_Perros_QUERY/K_1/57_Mickey_Beagle/57_Mickey_Beagle_14.jpeg,57_Mickey_Beagle,4.Resultados_ext_caracteristicas/Eigen_Perros/K_50/99_Yoda_Pug/99_Yoda_Pug_12.png,99_Yoda_Pug,3546.8594559130756
4.Resultados_ext_caracteristicas/Eigen_Perros_QUERY/K_1/57_Mickey_Beagle/57_Mickey_Beagle_14.jpeg,57_Mickey_Beagle,4.Resultados_ext_caracteristicas/Eigen_Perros/K_50/99_Yoda_Pug/99_Yoda_Pug_9.png,99_Yoda_Pug,3456.5806803834334
4.Resultados_ext_caracteristicas/Eigen_Perros_QUERY/K_1/57_Mickey_Beagle/57_Mickey_Beagle_14.jpeg,57_Mickey_Beagle,4.Resultados_ext_caracteristicas/Eigen_Perros/K_50/99_Yoda_Pug/99_Yoda_Pug_13.png,99_Yoda_Pug,4497.154100094859
4.Resultados_ext_caracteristicas/Eigen_Perros_QUERY/K_1/57_Mickey_Beagle/57_Mickey_Beagle_14.jpeg,57_Mickey_Beagle,4.Resultados_ext_caracteristicas/Eigen_Perros/K_50/99_Yoda_Pug/99_Yoda_Pug_3.png,99_Yoda_Pug,4028.520199775595
4.Resultados_ext_caracteristicas/Eigen_Perros_QUERY/K_1/57_Mickey_Beagle/57_Mickey_Beagle_14.jpeg,57_Mickey_Beagle,4.Resultados_ext_caracteristicas/Eigen_Perros/K_50/99_Yoda_Pug/99_Yoda_Pug_1.png,99_Yoda_Pug,4009.6972454288866
4.Resultados_ext_caracteristicas/Eigen_Perros_QUERY/K_1/57_Mickey_Beagle/57_Mickey_Beagle_14.jpeg,57_Mickey_Beagle,4.Resultados_ext_caracteristicas/Eigen_Perros/K_50/99_Yoda_Pug/99_Yoda_Pug_14.png,99_Yoda_Pug,3700.4734832180598
4.Resultados_ext_caracteristicas/Eigen_Perros_QUERY/K_1/57_Mickey_Beagle/57_Mickey_Beagle_14.jpeg,57_Mickey_Beagle,4.Resultados_ext_caracteristicas/Eigen_Perros/K_50/89_Winston_Pug/89_Winston_Pug_1.png,89_Winston_Pug,4215.606836506459
4.Resultados_ext_caracteristicas/Eigen_Perros_QUERY/K_1/57_Mickey_Beagle/57_Mickey_Beagle_14.jpeg,57_Mickey_Beagle,4.Resultados_ext_caracteristicas/Eigen_Perros/K_50/89_Winston_Pug/89_Winston_Pug_6.png,89_Winston_Pug,4254.440973853087
4.Resultados_ext_caracteristicas/Eigen_Perros_QUERY/K_1/57_Mickey_Beagle/57_Mickey_Beagle_14.jpeg,57_Mickey_Beagle,4.Resultados_ext_caracteristicas/Eigen_Perros/K_50/89_Winston_Pug/89_Winston_Pug_3.png,89_Winston_Pug,3752.694765098808
4.Resultados_ext_caracteristicas/Eigen_Perros_QUERY/K_1/57_Mickey_Beagle/57_Mickey_Beagle_14.jpeg,57_Mickey_Beagle,4.Resultados_ext_caracteristicas/Eigen_Perros/K_50/89_Winston_Pug/89_Winston_Pug_7.png,89_Winston_Pug,3946.856343978078
4.Resultados_ext_caracteristicas/Eigen_Perros_QUERY/K_1/57_Mickey_Beagle/57_Mickey_Beagle_14.jpeg,57_Mickey_Beagle,4.Resultados_ext_caracteristicas/Eigen_Perros/K_50/89_Winston_Pug/89_Winston_Pug_8.png,89_Winston_Pug,4071.6714012798234
4.Resultados_ext_caracteristicas/Eigen_Perros_QUERY/K_1/57_Mickey_Beagle/57_Mickey_Beagle_14.jpeg,57_Mickey_Beagle,4.Resultados_ext_caracteristicas/Eigen_Perros/K_50/89_Winston_Pug/89_Winston_Pug_2.png,89_Winston_Pug,3981.2477943478975
4.Resultados_ext_caracteristicas/Eigen_Perros_QUERY/K_1/57_Mickey_Beagle/57_Mickey_Beagle_14.jpeg,57_Mickey_Beagle,4.Resultados_ext_caracteristicas/Eigen_Perros/K_50/89_Winston_Pug/89_Winston_Pug_5.png,89_Winston_Pug,4199.68094026201
4.Resultados_ext_caracteristicas/Eigen_Perros_QUERY/K_1/57_Mickey_Beagle/57_Mickey_Beagle_14.jpeg,57_Mickey_Beagle,4.Resultados_ext_caracteristicas/Eigen_Perros/K_50/104_Orion_Pitbull/104_Orion_Pitbull_2.jpeg,104_Orion_Pitbull,3009.1030224969036
4.Resultados_ext_caracteristicas/Eigen_Perros_QUERY/K_1/57_Mickey_Beagle/57_Mickey_Beagle_14.jpeg,57_Mickey_Beagle,4.Resultados_ext_caracteristicas/Eigen_Perros/K_50/104_Orion_Pitbull/104_Orion_Pitbull_4.jpeg,104_Orion_Pitbull,4119.23694390114
4.Resultados_ext_caracteristicas/Eigen_Perros_QUERY/K_1/57_Mickey_Beagle/57_Mickey_Beagle_14.jpeg,57_Mickey_Beagle,4.Resultados_ext_caracteristicas/Eigen_Perros/K_50/104_Orion_Pitbull/104_Orion_Pitbull_3.jpeg,104_Orion_Pitbull,2634.427262233672
4.Resultados_ext_caracteristicas/Eigen_Perros_QUERY/K_1/57_Mickey_Beagle/57_Mickey_Beagle_14.jpeg,57_Mickey_Beagle,4.Resultados_ext_caracteristicas/Eigen_Perros/K_50/104_Orion_Pitbull/104_Orion_Pitbull_5.jpeg,104_Orion_Pitbull,4824.590241668197
4.Resultados_ext_caracteristicas/Eigen_Perros_QUERY/K_1/57_Mickey_Beagle/57_Mickey_Beagle_14.jpeg,57_Mickey_Beagle,4.Resultados_ext_caracteristicas/Eigen_Perros/K_50/95_Taffy_Criollo/95_Taffy_Criollo_2.jpeg,95_Taffy_Criollo,3719.2597381737137
4.Resultados_ext_caracteristicas/Eigen_Perros_QUERY/K_1/57_Mickey_Beagle/57_Mickey_Beagle_14.jpeg,57_Mickey_Beagle,4.Resultados_ext_caracteristicas/Eigen_Perros/K_50/95_Taffy_Criollo/95_Taffy_Criollo_5.jpeg,95_Taffy_Criollo,4394.099907830954
4.Resultados_ext_caracteristicas/Eigen_Perros_QUERY/K_1/57_Mickey_Beagle/57_Mickey_Beagle_14.jpeg,57_Mickey_Beagle,4.Resultados_ext_caracteristicas/Eigen_Perros/K_50/95_Taffy_Criollo/95_Taffy_Criollo_6.jpeg,95_Taffy_Criollo,4394.099907830954
4.Resultados_ext_caracteristicas/Eigen_Perros_QUERY/K_1/57_Mickey_Beagle/57_Mickey_Beagle_14.jpeg,57_Mickey_Beagle,4.Resultados_ext_caracteristicas/Eigen_Perros/K_50/95_Taffy_Criollo/95_Taffy_Criollo_11.jpeg,95_Taffy_Criollo,5549.853331395344
4.Resultados_ext_caracteristicas/Eigen_Perros_QUERY/K_1/57_Mickey_Beagle/57_Mickey_Beagle_14.jpeg,57_Mickey_Beagle,4.Resultados_ext_caracteristicas/Eigen_Perros/K_50/95_Taffy_Criollo/95_Taffy_Criollo_10.jpeg,95_Taffy_Criollo,5877.295721673361
4.Resultados_ext_caracteristicas/Eigen_Perros_QUERY/K_1/57_Mickey_Beagle/57_Mickey_Beagle_14.jpeg,57_Mickey_Beagle,4.Resultados_ext_caracteristicas/Eigen_Perros/K_50/95_Taffy_Criollo/95_Taffy_Criollo_12.jpeg,95_Taffy_Criollo,5549.853331395344
4.Resultados_ext_caracteristicas/Eigen_Perros_QUERY/K_1/57_Mickey_Beagle/57_Mickey_Beagle_14.jpeg,57_Mickey_Beagle,4.Resultados_ext_caracteristicas/Eigen_Perros/K_50/95_Taffy_Criollo/95_Taffy_Criollo_9.jpeg,95_Taffy_Criollo,5877.295721673361
4.Resultados_ext_caracteristicas/Eigen_Perros_QUERY/K_1/57_Mickey_Beagle/57_Mickey_Beagle_14.jpeg,57_Mickey_Beagle,4.Resultados_ext_caracteristicas/Eigen_Perros/K_50/95_Taffy_Criollo/95_Taffy_Criollo_13.jpeg,95_Taffy_Criollo,5875.490788010819
4.Resultados_ext_caracteristicas/Eigen_Perros_QUERY/K_1/57_Mickey_Beagle/57_Mickey_Beagle_14.jpeg,57_Mickey_Beagle,4.Resultados_ext_caracteristicas/Eigen_Perros/K_50/95_Taffy_Criollo/95_Taffy_Criollo_15.jpeg,95_Taffy_Criollo,5841.679381821635
4.Resultados_ext_caracteristicas/Eigen_Perros_QUERY/K_1/57_Mickey_Beagle/57_Mickey_Beagle_14.jpeg,57_Mickey_Beagle,4.Resultados_ext_caracteristicas/Eigen_Perros/K_50/95_Taffy_Criollo/95_Taffy_Criollo_18.jpeg,95_Taffy_Criollo,6438.555738673076
4.Resultados_ext_caracteristicas/Eigen_Perros_QUERY/K_1/57_Mickey_Beagle/57_Mickey_Beagle_14.jpeg,57_Mickey_Beagle,4.Resultados_ext_caracteristicas/Eigen_Perros/K_50/95_Taffy_Criollo/95_Taffy_Criollo_17.jpeg,95_Taffy_Criollo,5987.981880400107
4.Resultados_ext_caracteristicas/Eigen_Perros_QUERY/K_1/57_Mickey_Beagle/57_Mickey_Beagle_14.jpeg,57_Mickey_Beagle,4.Resultados_ext_caracteristicas/Eigen_Perros/K_50/95_Taffy_Criollo/95_Taffy_Criollo_16.jpeg,95_Taffy_Criollo,5987.981880400107
4.Resultados_ext_caracteristicas/Eigen_Perros_QUERY/K_1/57_Mickey_Beagle/57_Mickey_Beagle_14.jpeg,57_Mickey_Beagle,4.Resultados_ext_caracteristicas/Eigen_Perros/K_50/95_Taffy_Criollo/95_Taffy_Criollo_19.jpeg,95_Taffy_Criollo,6438.555738673076
4.Resultados_ext_caracteristicas/Eigen_Perros_QUERY/K_1/57_Mickey_Beagle/57_Mickey_Beagle_14.jpeg,57_Mickey_Beagle,4.Resultados_ext_caracteristicas/Eigen_Perros/K_50/95_Taffy_Criollo/95_Taffy_Criollo_4.jpeg,95_Taffy_Criollo,4248.997881854026
4.Resultados_ext_caracteristicas/Eigen_Perros_QUERY/K_1/57_Mickey_Beagle/57_Mickey_Beagle_14.jpeg,57_Mickey_Beagle,4.Resultados_ext_caracteristicas/Eigen_Perros/K_50/95_Taffy_Criollo/95_Taffy_Criollo_14.jpeg,95_Taffy_Criollo,5072.641225239569
4.Resultados_ext_caracteristicas/Eigen_Perros_QUERY/K_1/57_Mickey_Beagle/57_Mickey_Beagle_14.jpeg,57_Mickey_Beagle,4.Resultados_ext_caracteristicas/Eigen_Perros/K_50/95_Taffy_Criollo/95_Taffy_Criollo_7.jpeg,95_Taffy_Criollo,4341.784195466191
4.Resultados_ext_caracteristicas/Eigen_Perros_QUERY/K_1/57_Mickey_Beagle/57_Mickey_Beagle_14.jpeg,57_Mickey_Beagle,4.Resultados_ext_caracteristicas/Eigen_Perros/K_50/100_Zeus_Rekel_Husky/100_Zeus_Rekel_Husky_3.png,100_Zeus_Rekel_Husky,3552.571463039132
4.Resultados_ext_caracteristicas/Eigen_Perros_QUERY/K_1/57_Mickey_Beagle/57_Mickey_Beagle_14.jpeg,57_Mickey_Beagle,4.Resultados_ext_caracteristicas/Eigen_Perros/K_50/100_Zeus_Rekel_Husky/100_Zeus_Rekel_Husky_5.png,100_Zeus_Rekel_Husky,3634.8467643079534
4.Resultados_ext_caracteristicas/Eigen_Perros_QUERY/K_1/57_Mickey_Beagle/57_Mickey_Beagle_14.jpeg,57_Mickey_Beagle,4.Resultados_ext_caracteristicas/Eigen_Perros/K_50/100_Zeus_Rekel_Husky/100_Zeus_Rekel_Husky_6.png,100_Zeus_Rekel_Husky,3627.2155987754572
4.Resultados_ext_caracteristicas/Eigen_Perros_QUERY/K_1/57_Mickey_Beagle/57_Mickey_Beagle_14.jpeg,57_Mickey_Beagle,4.Resultados_ext_caracteristicas/Eigen_Perros/K_50/100_Zeus_Rekel_Husky/100_Zeus_Rekel_Husky_2.png,100_Zeus_Rekel_Husky,3930.9063840290064
4.Resultados_ext_caracteristicas/Eigen_Perros_QUERY/K_1/57_Mickey_Beagle/57_Mickey_Beagle_14.jpeg,57_Mickey_Beagle,4.Resultados_ext_caracteristicas/Eigen_Perros/K_50/100_Zeus_Rekel_Husky/100_Zeus_Rekel_Husky_4.png,100_Zeus_Rekel_Husky,3954.837038362011
4.Resultados_ext_caracteristicas/Eigen_Perros_QUERY/K_1/57_Mickey_Beagle/57_Mickey_Beagle_14.jpeg,57_Mickey_Beagle,4.Resultados_ext_caracteristicas/Eigen_Perros/K_50/101_ZowieHusky/101_ZowieHusky_3.png,101_ZowieHusky,4234.766581524889
4.Resultados_ext_caracteristicas/Eigen_Perros_QUERY/K_1/57_Mickey_Beagle/57_Mickey_Beagle_14.jpeg,57_Mickey_Beagle,4.Resultados_ext_caracteristicas/Eigen_Perros/K_50/101_ZowieHusky/101_ZowieHusky_5.png,101_ZowieHusky,3835.4051937181293
4.Resultados_ext_caracteristicas/Eigen_Perros_QUERY/K_1/57_Mickey_Beagle/57_Mickey_Beagle_14.jpeg,57_Mickey_Beagle,4.Resultados_ext_caracteristicas/Eigen_Perros/K_50/101_ZowieHusky/101_ZowieHusky_1.png,101_ZowieHusky,4224.304794874536
4.Resultados_ext_caracteristicas/Eigen_Perros_QUERY/K_1/57_Mickey_Beagle/57_Mickey_Beagle_14.jpeg,57_Mickey_Beagle,4.Resultados_ext_caracteristicas/Eigen_Perros/K_50/101_ZowieHusky/101_ZowieHusky_2.png,101_ZowieHusky,3736.739086422813
4.Resultados_ext_caracteristicas/Eigen_Perros_QUERY/K_1/57_Mickey_Beagle/57_Mickey_Beagle_14.jpeg,57_Mickey_Beagle,4.Resultados_ext_caracteristicas/Eigen_Perros/K_50/101_ZowieHusky/101_ZowieHusky_4.png,101_ZowieHusky,4246.783606448532
4.Resultados_ext_caracteristicas/Eigen_Perros_QUERY/K_1/57_Mickey_Beagle/57_Mickey_Beagle_14.jpeg,57_Mickey_Beagle,4.Resultados_ext_caracteristicas/Eigen_Perros/K_50/101_ZowieHusky/101_ZowieHusky_8.png,101_ZowieHusky,3316.564638296682
4.Resultados_ext_caracteristicas/Eigen_Perros_QUERY/K_1/57_Mickey_Beagle/57_Mickey_Beagle_14.jpeg,57_Mickey_Beagle,4.Resultados_ext_caracteristicas/Eigen_Perros/K_50/101_ZowieHusky/101_ZowieHusky_10.png,101_ZowieHusky,3250.8337392121425
4.Resultados_ext_caracteristicas/Eigen_Perros_QUERY/K_1/57_Mickey_Beagle/57_Mickey_Beagle_14.jpeg,57_Mickey_Beagle,4.Resultados_ext_caracteristicas/Eigen_Perros/K_50/101_ZowieHusky/101_ZowieHusky_14.png,101_ZowieHusky,3810.4448559190564
4.Resultados_ext_caracteristicas/Eigen_Perros_QUERY/K_1/57_Mickey_Beagle/57_Mickey_Beagle_14.jpeg,57_Mickey_Beagle,4.Resultados_ext_caracteristicas/Eigen_Perros/K_50/101_ZowieHusky/101_ZowieHusky_7.png,101_ZowieHusky,4693.656463781728
4.Resultados_ext_caracteristicas/Eigen_Perros_QUERY/K_1/57_Mickey_Beagle/57_Mickey_Beagle_14.jpeg,57_Mickey_Beagle,4.Resultados_ext_caracteristicas/Eigen_Perros/K_50/101_ZowieHusky/101_ZowieHusky_11.png,101_ZowieHusky,2793.8908353763572
4.Resultados_ext_caracteristicas/Eigen_Perros_QUERY/K_1/57_Mickey_Beagle/57_Mickey_Beagle_14.jpeg,57_Mickey_Beagle,4.Resultados_ext_caracteristicas/Eigen_Perros/K_50/101_ZowieHusky/101_ZowieHusky_13.png,101_ZowieHusky,3500.6700787135023
4.Resultados_ext_caracteristicas/Eigen_Perros_QUERY/K_1/57_Mickey_Beagle/57_Mickey_Beagle_14.jpeg,57_Mickey_Beagle,4.Resultados_ext_caracteristicas/Eigen_Perros/K_50/101_ZowieHusky/101_ZowieHusky_12.png,101_ZowieHusky,3588.4875644204203
4.Resultados_ext_caracteristicas/Eigen_Perros_QUERY/K_1/57_Mickey_Beagle/57_Mickey_Beagle_14.jpeg,57_Mickey_Beagle,4.Resultados_ext_caracteristicas/Eigen_Perros/K_50/101_ZowieHusky/101_ZowieHusky_9.png,101_ZowieHusky,3279.6434257400606
4.Resultados_ext_caracteristicas/Eigen_Perros_QUERY/K_1/57_Mickey_Beagle/57_Mickey_Beagle_14.jpeg,57_Mickey_Beagle,4.Resultados_ext_caracteristicas/Eigen_Perros/K_50/92_Toby_BulldogFrances/92_Toby_BulldogFrances_1.jpeg,92_Toby_BulldogFrances,3878.602325580698
4.Resultados_ext_caracteristicas/Eigen_Perros_QUERY/K_1/57_Mickey_Beagle/57_Mickey_Beagle_14.jpeg,57_Mickey_Beagle,4.Resultados_ext_caracteristicas/Eigen_Perros/K_50/92_Toby_BulldogFrances/92_Toby_BulldogFrances_2.jpeg,92_Toby_BulldogFrances,5190.924195169873
4.Resultados_ext_caracteristicas/Eigen_Perros_QUERY/K_1/57_Mickey_Beagle/57_Mickey_Beagle_14.jpeg,57_Mickey_Beagle,4.Resultados_ext_caracteristicas/Eigen_Perros/K_50/92_Toby_BulldogFrances/92_Toby_BulldogFrances_6.jpeg,92_Toby_BulldogFrances,3250.7405310175095
4.Resultados_ext_caracteristicas/Eigen_Perros_QUERY/K_1/57_Mickey_Beagle/57_Mickey_Beagle_14.jpeg,57_Mickey_Beagle,4.Resultados_ext_caracteristicas/Eigen_Perros/K_50/92_Toby_BulldogFrances/92_Toby_BulldogFrances_3.jpeg,92_Toby_BulldogFrances,3150.670246153983
4.Resultados_ext_caracteristicas/Eigen_Perros_QUERY/K_1/57_Mickey_Beagle/57_Mickey_Beagle_14.jpeg,57_Mickey_Beagle,4.Resultados_ext_caracteristicas/Eigen_Perros/K_50/92_Toby_BulldogFrances/92_Toby_BulldogFrances_5.jpeg,92_Toby_BulldogFrances,3230.5575370205065
4.Resultados_ext_caracteristicas/Eigen_Perros_QUERY/K_1/57_Mickey_Beagle/57_Mickey_Beagle_14.jpeg,57_Mickey_Beagle,4.Resultados_ext_caracteristicas/Eigen_Perros/K_50/92_Toby_BulldogFrances/92_Toby_BulldogFrances_4.jpeg,92_Toby_BulldogFrances,4021.0070877828603
4.Resultados_ext_caracteristicas/Eigen_Perros_QUERY/K_1/57_Mickey_Beagle/57_Mickey_Beagle_14.jpeg,57_Mickey_Beagle,4.Resultados_ext_caracteristicas/Eigen_Perros/K_50/98_Yago_Mixto/98_Yago_Mixto_1.jpeg,98_Yago_Mixto,3091.230822827697
4.Resultados_ext_caracteristicas/Eigen_Perros_QUERY/K_1/57_Mickey_Beagle/57_Mickey_Beagle_14.jpeg,57_Mickey_Beagle,4.Resultados_ext_caracteristicas/Eigen_Perros/K_50/98_Yago_Mixto/98_Yago_Mixto_2.jpeg,98_Yago_Mixto,4505.669983476375
4.Resultados_ext_caracteristicas/Eigen_Perros_QUERY/K_1/57_Mickey_Beagle/57_Mickey_Beagle_14.jpeg,57_Mickey_Beagle,4.Resultados_ext_caracteristicas/Eigen_Perros/K_50/98_Yago_Mixto/98_Yago_Mixto_6.jpeg,98_Yago_Mixto,4287.297400461041
4.Resultados_ext_caracteristicas/Eigen_Perros_QUERY/K_1/57_Mickey_Beagle/57_Mickey_Beagle_14.jpeg,57_Mickey_Beagle,4.Resultados_ext_caracteristicas/Eigen_Perros/K_50/98_Yago_Mixto/98_Yago_Mixto_8.jpeg,98_Yago_Mixto,3749.5617077199836
4.Resultados_ext_caracteristicas/Eigen_Perros_QUERY/K_1/57_Mickey_Beagle/57_Mickey_Beagle_14.jpeg,57_Mickey_Beagle,4.Resultados_ext_caracteristicas/Eigen_Perros/K_50/98_Yago_Mixto/98_Yago_Mixto_4.jpeg,98_Yago_Mixto,3932.3729477250754
